0.01663720
0.00013458
0.00015907
0.12286930
0.16444623
0.03434692
0.52951121
0.01335637
0.05462492
0.00074436
0.00073204
0.02456534
0.00063768
0.00733800
0.01171826
0.00249518
0.00873335
0.02400510
0.00013423
0.01622380
0.00883825
0.44953400
0.01590200
0.02813349
0.07420657
0.00029998
0.00017358
0.00038952
0.02746614
0.00017943
0.13854422
0.00052565
0.09785936
0.02437726
0.00022266
0.00946917
0.00016576
0.27886367
0.01111223
0.00071437
0.00840323
0.07602174
0.13120903
0.00941386
0.01319248
0.03874399
0.00057408
0.00016726
0.01727277
0.00032850
0.00045908
0.01728359
0.45084044
0.08532292
0.00110354
0.05807716
0.05900529
0.00035083
0.04432237
0.11025884
0.44355327
0.00181412
0.00920488
0.49698406
0.01758448
0.10815076
0.00314241
0.04572457
0.01597272
0.00015053
0.00979456
0.00336910
0.00624414
0.00227414
0.03436731
0.01736693
0.10552493
0.09117524
0.00961085
0.00017239
0.03052305
0.00065532
0.01654406
0.01249309
0.02405185
0.00180117
0.01846753
0.00248210
0.00061951
0.00058013
0.04428690
0.00020822
0.01517272
0.01469064
0.00249573
0.00031326
0.00168129
0.00736151
0.03922657
0.00222093
0.01298476
0.00687328
0.00784575
0.01977602
0.00118813
0.01873083
0.03718656
0.05338520
0.01711115
0.23110689
0.22817901
0.00056420
0.00041765
0.00018907
0.00016700
0.00377921
0.01915005
0.00978348
0.00854552
0.01090942
0.01277686
0.27881426
0.15108573
0.00200763
0.00254384
0.00571419
0.00980180
0.02575836
0.00058708
0.01479005
0.00607108
0.01311863
0.00379278
0.00843597
0.00047418
0.00066219
0.03311676
0.00014862
0.00400852
0.03140727
0.01157565
0.00443624
0.03516909
0.00089185
0.06703314
0.00019058
0.01753574
0.36843964
0.11430328
0.05278894
0.01468879
0.00346028
0.00025333
0.01875447
0.01479741
0.00994487
0.00071320
0.18193296
0.00017941
0.00195519
0.00522646
0.00087462
0.01175871
0.02543534
0.06387591
0.00607612
0.00963653
0.00087342
0.00055315
0.25007552
0.01676048
0.00443471
0.00178710
0.00035591
0.03974279
0.03955175
0.14823280
0.01198758
0.40491593
0.00769703
0.00061704
0.00193889
0.02806219
0.04059235
0.05947623
0.00027773
0.01999575
0.01485202
0.00068670
0.01512557
0.47861943
0.01307746
0.00050147
0.00019574
0.02449795
0.01527657
0.01496579
0.11984161
0.01700720
0.00039964
0.00075633
0.00494194
0.00018451
0.00684434
0.09366489
0.07119700
0.00024561
0.00279465
0.18272130
0.00019190
0.00961288
0.01578418
0.00068461
0.02089808
0.03288215
0.00557397
0.15681514
0.01044811
0.58164173
0.00082620
0.00064902
0.37041402
0.11190844
0.01410024
0.00017948
0.07390132
0.00905266
0.00358271
0.00200945
0.01837778
0.17795211
0.23535192
0.30490017
0.00818512
0.00252538
0.00032308
0.01215626
0.00116785
0.01954841
0.00592655
0.00079565
0.03594490
0.00587919
0.00069570
0.32235989
0.00019706
0.00035451
0.00665148
0.00093494
0.00091322
0.05057715
0.38431531
0.00158108
0.01705297
0.00271938
0.11274580
0.06590484
0.11483411
0.00498580
0.00015267
0.00442276
0.00795539
0.00262443
0.02570091
0.03915806
0.00233943
0.00056567
0.01117205
0.00073824
0.00026077
0.02249817
0.00086757
0.00629955
0.00119696
0.01990202
0.00566881
0.00038434
0.00039684
0.00170046
0.02894509
0.00211881
0.00803347
0.00165685
0.01473118
0.00795134
0.06080898
0.00210281
0.00142902
0.05466154
0.00045206
0.12644324
0.19829936
0.02831081
0.02641822
0.00073266
0.00038329
0.04372466
0.00332288
0.36937425
0.26293162
0.00397362
0.00038784
0.00039190
0.01733212
0.00019270
0.04280170
0.32012269
0.00149304
0.00019009
0.00045193
0.00044875
0.00017690
0.00507936
0.01981104
0.00051881
0.00014974
0.00091517
0.02996369
0.00050656
0.00094347
0.01889676
0.00255773
0.01842371
0.00814310
0.00794232
0.10869630
0.00033828
0.01352701
0.01868194
0.00046314
0.00013461
0.01297077
0.01573089
0.01993671
0.11210704
0.00018368
0.00906439
0.02019260
0.00466608
0.01893772
0.00363259
0.00062665
0.23450743
0.00150445
0.13416483
0.07226723
0.01974100
0.00051147
0.01333936
0.00038275
0.01770826
0.00187576
0.00455824
0.03690074
0.00981266
0.01273415
0.00886226
0.03441363
0.00031584
0.02126549
0.00072776
0.01163199
0.00015701
0.01826702
0.02017007
0.01722423
0.00467132
0.00393740
0.01135586
0.00179637
0.00020022
0.00079847
0.00021571
0.06411486
0.00881826
0.00095605
0.01090938
0.01346295
0.03664928
0.00087694
0.00177785
0.01513926
0.00289451
0.01988181
0.00053581
0.00072789
0.15300600
0.02446302
0.03046634
0.02784056
0.00475817
0.00014279
0.01005833
0.00684193
0.00021326
0.04728588
0.00078245
0.02323966
0.01568592
0.04114126
0.02635753
0.02325221
0.00017694
0.01088617
0.03788915
0.32610932
0.11136803
0.00016052
0.00548203
0.01771408
0.00878213
0.00039456
0.00030222
0.01133481
0.01573572
0.00092806
0.05176390
0.00017958
0.01674291
0.03713820
0.00722667
0.24328484
0.01667448
0.00417540
0.36100671
0.00078853
0.00014037
0.00066267
0.00148603
0.01310513
0.00208868
0.03991470
0.04308394
0.00072285
0.00106235
0.03045475
0.01330410
0.00825566
0.00049849
0.00016961
0.00453396
0.00804989
0.00893192
0.05399870
0.00208782
0.00532776
0.00050541
0.00359944
0.00015432
0.02142236
0.00133775
0.00870093
0.00163864
0.01490212
0.00133287
0.00392871
0.00019758
0.00929048
0.00090878
0.03305442
0.00787986
0.10114734
0.06832849
0.01735771
0.00048320
0.01350020
0.01411094
0.04976392
0.00678213
0.01810309
0.00061412
0.02209889
0.00016793
0.00248413
0.01770349
0.00019287
0.00024309
0.00013854
0.04426821
0.01084218
0.00016839
0.00014481
0.03664758
0.01362373
0.00716036
0.00884951
0.02193812
0.00041823
0.25957450
0.00025895
0.25764260
0.03010136
0.00028154
0.00016536
0.00262641
0.01448734
0.34270823
0.00940594
0.00030912
0.06138041
0.08419646
0.00451914
0.08658345
0.00586496
0.01379447
0.01430682
0.02174741
0.08350120
0.01600462
0.01611623
0.00050893
0.00125179
0.00075904
0.00073077
0.01015213
0.01687933
0.01543371
0.00674543
0.10104606
0.00434370
0.00027138
0.05605466
0.00418954
0.01436912
0.01867071
0.01711066
0.16740446
0.01477465
0.06864139
0.01674283
0.01088694
0.03741740
0.09942364
0.00783536
0.00018166
0.47040108
0.08130649
0.00016998
0.02660644
0.00477606
0.00016067
0.00143976
0.01070003
0.04819949
0.00503314
0.01558196
0.00049958
0.00196310
0.01338261
0.00651498
0.00540561
0.00040745
0.08007326
0.02520189
0.00037086
0.02204097
0.12497992
0.00151193
0.01737402
0.32149726
0.01690204
0.04483198
0.02159671
0.00947226
0.03647045
0.01555447
0.01406016
0.02484336
0.12657596
0.00047970
0.00896343
0.01890896
0.02184585
0.01980930
0.15033774
0.00154063
0.00013778
0.00020828
0.00076979
0.01141760
0.00315863
0.09474272
0.00099735
0.00018992
0.17108963
0.00016690
0.00059243
0.00135554
0.02028073
0.00869602
0.17382564
0.04539166
0.03169410
0.22939384
0.00626031
0.01767881
0.14913118
0.01035392
0.01746776
0.00129884
0.00045141
0.18708801
0.01581279
0.00587215
0.01634899
0.01742712
0.49869919
0.00015968
0.02052623
0.00018649
0.00200806
0.00187103
0.21616408
0.00724452
0.01337148
0.00014980
0.00075338
0.04233465
0.00027391
0.01581956
0.00040418
0.01960448
0.01407093
0.00445319
0.02318281
0.20976286
0.00429796
0.02428695
0.00258900
0.01874588
0.00043898
0.00015835
0.00060631
0.00017491
0.24663466
0.00140016
0.01661355
0.00017068
0.00016948
0.00015166
0.00047415
0.00051524
0.17991903
0.00084708
0.01449747
0.00019839
0.09243558
0.00035755
0.01610405
0.00091736
0.01808369
0.00015542
0.00789953
0.02052440
0.00863459
0.01507791
0.01815214
0.17714854
0.00885701
0.00061648
0.00175694
0.00052848
0.00150661
0.01095908
0.01912234
0.00385553
0.05267275
0.00035382
0.00033616
0.02229137
0.00054950
0.00836609
0.00027994
0.11522873
0.00019958
0.00081103
0.00543777
0.00014676
0.00590314
0.00027325
0.00017625
0.02878517
0.00094811
0.17809108
0.00386716
0.02901002
0.00201499
0.01769580
0.00058111
0.06686263
0.00383286
0.00284140
0.06994159
0.01345197
0.03342484
0.05076684
0.00391402
0.00550936
0.00056232
0.04031671
0.00043123
0.00037941
0.02066047
0.00258005
0.00448816
0.00047015
0.15860571
0.00217756
0.05381251
0.01987455
0.00219330
0.00292392
0.00054023
0.01908922
0.09534358
0.01447953
0.00019268
0.01394159
0.00297389
0.00016785
0.38934934
0.00047761
0.01627986
0.01807052
0.00088767
0.00307330
0.13178632
0.00013622
0.01880524
0.00051523
0.00041752
0.00078664
0.00067849
0.00013914
0.00027685
0.00872858
0.00061243
0.00083936
0.00049666
0.00019548
0.00045293
0.01246128
0.04734589
0.17719129
0.28932574
0.18596160
0.04003712
0.02397412
0.01738047
0.01640664
0.01693576
0.00033805
0.01488712
0.01521684
0.00017822
0.03513223
0.00014374
0.02853394
0.00537979
0.00014171
0.00644593
0.01131361
0.00041527
0.02256299
0.08889758
0.17863981
0.02334186
0.07469876
0.03322488
0.01270102
0.00693459
0.16677120
0.04031248
0.02570181
0.00394990
0.00399267
0.02187800
0.08099386
0.00651609
0.00951796
0.01739735
0.41182205
0.09992650
0.00107807
0.02024025
0.00134229
0.00014732
0.19519225
0.00251528
0.00013716
0.00150235
0.00170296
0.25484818
0.01691491
0.09750912
0.00827301
0.02684200
0.00017113
0.00020589
0.00036842
0.00459925
0.00096099
0.00124664
0.00202802
0.03037705
0.00483744
0.21914241
0.00046633
0.03470023
0.00080926
0.00040971
0.16622649
0.00018400
0.11099245
0.01499357
0.00164077
0.00076586
0.02829471
0.00078648
0.00827540
0.00057509
0.00065956
0.00720170
0.01286119
0.00410647
0.19215536
0.00043688
0.00408055
0.26189476
0.39911184
0.00022896
0.00217856
0.02400616
0.00634498
0.05232383
0.00016738
0.00241143
0.00046246
0.01329605
0.00716079
0.00045275
0.00019406
0.00374854
0.00013614
0.23620041
0.00021310
0.00338189
0.00108653
0.09106462
0.03576580
0.00049723
0.00907772
0.00074733
0.00052592
0.00264579
0.00331287
0.00630315
0.00460632
0.01906669
0.00119676
0.01164966
0.00021448
0.01926854
0.00049576
0.00017065
0.00164656
0.00762846
0.07981671
0.34295434
0.23205398
0.02442244
0.05182798
0.01371472
0.00020957
0.00051716
0.00324071
0.00250987
0.15460548
0.02662517
0.53691137
0.01391739
0.00052493
0.00651094
0.11765062
0.00603963
0.01303886
0.00036763
0.01036762
0.00117428
0.16818374
0.00051576
0.06946141
0.05219798
0.00015554
0.00095312
0.00093302
0.00074726
0.01686094
0.00187211
0.00937407
0.07878102
0.01973315
0.01926822
0.00013707
0.00419944
0.01032749
0.00333968
0.00655647
0.01009459
0.00694314
0.00046932
0.00029682
0.00024423
0.00017002
0.00076789
0.00014062
0.15182187
0.00089268
0.21186210
0.01086947
0.00241585
0.00040323
0.01072097
0.01556130
0.03922157
0.00233751
0.27615285
0.00048592
0.02972445
0.00089105
0.05463751
0.00013790
0.02605430
0.00251220
0.00899887
0.00037644
0.02611649
0.00081491
0.04101364
0.00026531
0.02634614
0.04593222
0.00033527
0.00083338
0.04144097
0.09866846
0.00426811
0.00750137
0.00017956
0.02139908
0.01823184
0.00016115
0.19066344
0.00068208
0.02467102
0.00039698
0.02334973
0.00056033
0.00031274
0.01278929
0.00037232
0.00119307
0.00054725
0.02609018
0.05217864
0.00014887
0.00048757
0.00100195
0.03402850
0.00049824
0.00123186
0.01806077
0.00612023
0.00057234
0.00405439
0.00021127
0.03704366
0.08393929
0.00014906
0.00125799
0.00076816
0.00023327
0.00041056
0.00125215
0.00055680
0.21481298
0.00425009
0.00962888
0.00047828
0.10484194
0.00832058
0.00632321
0.08032661
0.00943101
0.00285357
0.45998940
0.00301168
0.00492129
0.00128755
0.00104661
0.00688373
0.15200925
0.07206640
0.00030732
0.00016914
0.00047513
0.00041900
0.00164672
0.02612312
0.00028778
0.00483145
0.00811900
0.00062800
0.00783572
0.00065043
0.01515729
0.00013941
0.10501284
0.00028237
0.02205415
0.18272787
0.01971014
0.03986886
0.03870642
0.00399004
0.01366548
0.00035016
0.02243797
0.04392812
0.02879158
0.03247942
0.00029049
0.01649548
0.02271361
0.00034958
0.01120544
0.00692419
0.00661935
0.00094567
0.00992975
0.00088632
0.00749146
0.00826874
0.00050002
0.00081876
0.00710161
0.20740196
0.01991300
0.02091995
0.00816028
0.12158096
0.00240958
0.10406545
0.00241293
0.00559467
0.02049895
0.16113432
0.06204441
0.01604687
0.01533367
0.02103638
0.00036649
0.29661554
0.02678992
0.00611958
0.00048436
0.00160835
0.00429467
0.00020962
0.02241186
0.00063314
0.00304797
0.00206608
0.00085218
0.01976144
0.00069337
0.00599923
0.01007376
0.16774948
0.00043371
0.12511601
0.15083660
0.01569074
0.00927365
0.00283460
0.00049692
0.50577152
0.00057634
0.01292693
0.25158799
0.01755548
0.00066847
0.00100802
0.00109776
0.00338817
0.07801891
0.11485187
0.45360711
0.01648501
0.00311683
0.00758744
0.04101398
0.16417870
0.01284226
0.39563015
0.01536752
0.00013576
0.00071701
0.00222223
0.04424348
0.00348314
0.03271423
0.00473571
0.05023916
0.01325069
0.00048312
0.01216988
0.00190974
0.01876334
0.00971581
0.00019436
0.00046563
0.02304216
0.00104402
0.00076453
0.00016835
0.01215122
0.03196640
0.00065054
0.00108460
0.01809129
0.01200317
0.00702402
0.05205233
0.16936584
0.02171123
0.01299172
0.00158081
0.00041036
0.02175729
0.00079468
0.00670926
0.00251891
0.01193984
0.00852439
0.01855649
0.00776274
0.00074493
0.01153889
0.00395891
0.00200776
0.02858186
0.09443372
0.00057560
0.01181900
0.01864921
0.18506417
0.06335048
0.00308576
0.00023168
0.00048378
0.02095227
0.04717837
0.00017188
0.03042231
0.00376962
0.02785615
0.21072735
0.04000226
0.01698398
0.00774815
0.00026709
0.00028758
0.05574216
0.06564449
0.03017051
0.00683343
0.00712365
0.00040314
0.00035543
0.00036091
0.00307295
0.32062072
0.00027533
0.00041444
0.00237942
0.01142820
0.01042508
0.10634876
0.38889462
0.00715179
0.01511294
0.06802054
0.00029096
0.00016650
0.04861531
0.00060340
0.00059427
0.05434756
0.02502704
0.00014558
0.13477173
0.00035922
0.02145600
0.01448377
0.00013178
0.02359914
0.00143561
0.00138625
0.10472775
0.00661588
0.00035589
0.01267812
0.02305117
0.02141366
0.06630544
0.44316587
0.00519326
0.00283601
0.00372998
0.02339379
0.01195447
0.35457528
0.00641905
0.13413079
0.00297601
0.01249649
0.00539692
0.00073099
0.00054178
0.01932653
0.00947261
0.00066073
0.00035569
0.00547238
0.02996199
0.00285523
0.00067162
0.02869919
0.01845377
0.00083362
0.05732836
0.00131960
0.00440649
0.00276764
0.08743142
0.00031591
0.00025505
0.00013256
0.02914708
0.00241367
0.12696259
0.01182598
0.00325682
0.00018966
0.00229190
0.00054763
0.01619443
0.00425958
0.00027805
0.00302799
0.00071563
0.00725204
0.05689391
0.01094498
0.01192186
0.00284371
0.01681734
0.07846257
0.00099825
0.00030772
0.28588283
0.00209972
0.00042244
0.31725848
0.00837107
0.02334827
0.00432065
0.00016844
0.00027909
0.04650144
0.00138826
0.01428885
0.10012110
0.01674039
0.02266941
0.03023549
0.02085730
0.00056556
0.00116501
0.35741904
0.00555377
0.00570533
0.00090213
0.23832493
0.02718653
0.00902339
0.00030037
0.05697119
0.00026374
0.00097881
0.00013872
0.00796326
0.00031897
0.00057668
0.25398842
0.00391079
0.06530305
0.00038040
0.04503879
0.01111539
0.01897841
0.00114110
0.00055869
0.00075611
0.00561711
0.01576961
0.03957367
0.01616345
0.01014571
0.00250855
0.00021890
0.00450188
0.00086225
0.01648072
0.00051881
0.01266671
0.34518364
0.00057852
0.01095578
0.00246994
0.05530987
0.01728344
0.00027552
0.00072162
0.00064492
0.00483533
0.03953113
0.02204364
0.04260293
0.01716088
0.00615773
0.04800599
0.01621124
0.00093077
0.29680637
0.06014904
0.02322797
0.02617740
0.02816142
0.30619413
0.00060084
0.01099486
0.02776073
0.07724345
0.03385761
0.00035327
0.00228179
0.01626188
0.09253968
0.03032646
0.14813054
0.10520297
0.00249653
0.01945194
0.00402023
0.00035028
0.00259768
0.00654664
0.05055392
0.02754968
0.00278061
0.00915503
0.14042015
0.00846389
0.01654049
0.00015630
0.00065641
0.00151475
0.01492957
0.00546667
0.01670697
0.00082137
0.52994281
0.03743250
0.00013305
0.00157927
0.03946691
0.19470577
0.23670675
0.00239834
0.01532328
0.00077699
0.00059355
0.00498744
0.14664096
0.00108830
0.00024228
0.00062219
0.10867143
0.00021563
0.00195156
0.00562897
0.01229723
0.00040370
0.00027604
0.01841895
0.00478652
0.33616221
0.00070869
0.28775546
0.07592328
0.00124269
0.00108421
0.00686255
0.00179074
0.01090244
0.01375820
0.00101553
0.01942134
0.00051815
0.00312224
0.00534879
0.00018897
0.01561585
0.00065884
0.01150944
0.55232835
0.00105253
0.00030843
0.01431032
0.00035905
0.01019813
0.00405391
0.03228805
0.00571648
0.01286968
0.00012724
0.01314861
0.00197789
0.00215910
0.00179118
0.00053066
0.00069542
0.02248257
0.00193285
0.00527623
0.00054195
0.00091698
0.00328815
0.00577245
0.01178564
0.01888596
0.01488816
0.00352253
0.04971775
0.00076765
0.02679239
0.00023020
0.00042978
0.00472133
0.00778850
0.02847405
0.01065459
0.00190649
0.00047055
0.02472528
0.00015336
0.00032217
0.53591841
0.00040113
0.00020349
0.18546446
0.02053726
0.01704647
0.00620400
0.32927999
0.00054355
0.01325435
0.00126081
0.00015609
0.51106364
0.06519347
0.11581578
0.00084844
0.01937694
0.00263683
0.23310423
0.00390105
0.00054502
0.00432045
0.01824018
0.01103871
0.01177498
0.00060925
0.00033043
0.10339966
0.00030313
0.01942173
0.09719486
0.01605991
0.02504773
0.00099602
0.19178709
0.00015605
0.00445047
0.00016575
0.00018413
0.00141132
0.02355950
0.00013502
0.00243910
0.14835383
0.00052613
0.00013365
0.00782182
0.00205570
0.03172660
0.00538660
0.00014069
0.00041300
0.01625821
0.00015589
0.05668157
0.05599831
0.03438804
0.03559507
0.00217658
0.00528965
0.00998328
0.00184179
0.00129438
0.00015290
0.00062245
0.02548094
0.02500948
0.00198605
0.01816007
0.00257258
0.00398200
0.00522711
0.03707342
0.64372599
0.00157732
0.00016378
0.00463705
0.01107164
0.02857660
0.00260028
0.01522968
0.01897410
0.00593169
0.00027322
0.40527058
0.02672557
0.00019527
0.00464455
0.03305041
0.00049429
0.00035590
0.00093515
0.00074326
0.00022761
0.00034579
0.01002299
0.00024206
0.00450792
0.00017222
0.07888085
0.00018470
0.00955282
0.00082462
0.53433609
0.00044142
0.00530752
0.00067958
0.00056113
0.00047892
0.04505188
0.00482291
0.00424929
0.18012676
0.01990445
0.00222603
0.00049097
0.01343826
0.01090211
0.00700028
0.00141837
0.00570012
0.00768301
0.16828269
0.00194048
0.10687625
0.01475587
0.01556360
0.01249430
0.00979382
0.00365501
0.01345053
0.00473912
0.00851029
0.01364158
0.03243852
0.02498988
0.06721160
0.00017242
0.00987877
0.00341160
0.00069754
0.00029279
0.00131239
0.27510688
0.01182305
0.00044472
0.02198584
0.00244811
0.00228394
0.00138633
0.00681108
0.00855707
0.14841352
0.00018209
0.00573912
0.00018098
0.00111788
0.00506815
0.34871817
0.00087684
0.00606958
0.00084014
0.16046500
0.00015661
0.00224156
0.02118841
0.15538272
0.00147292
0.01842311
0.00099467
0.00070136
0.02167901
0.00425082
0.14632438
0.01656245
0.00103197
0.00057408
0.02185233
0.00068446
0.05349445
0.00053584
0.01331888
0.02882735
0.00026484
0.00207959
0.11011178
0.00133339
0.00185402
0.00464002
0.01360491
0.00361055
0.00734078
0.03334105
0.00919838
0.01000180
0.01232835
0.00401507
0.01647844
0.31125569
0.01037637
0.01699832
0.04426920
0.00017294
0.01846339
0.02071216
0.00085572
0.00031719
0.02837751
0.00340429
0.02971456
0.00032607
0.00023884
0.00198958
0.01471721
0.00062868
0.48292863
0.00546052
0.03859527
0.00017214
0.00202900
0.00707569
0.00020890
0.05922041
0.00207448
0.00228414
0.01224530
0.00018691
0.01147061
0.02739612
0.02538467
0.00114819
0.01634409
0.00039742
0.01146502
0.00056261
0.00046636
0.00965863
0.00300415
0.05277450
0.05326717
0.00274042
0.04083780
0.01254186
0.00082441
0.00342854
0.00023429
0.36375749
0.20083189
0.01000533
0.00282423
0.16053718
0.01703833
0.05998734
0.00234003
0.00774461
0.00047155
0.03460657
0.00998017
0.00040366
0.03171817
0.26316565
0.26571861
0.00023683
0.00074701
0.05015910
0.00547337
0.01335976
0.00694254
0.01569648
0.00023442
0.01450288
0.01280668
0.00017585
0.01936630
0.02691326
0.00926978
0.00764916
0.00150488
0.00019877
0.03941623
0.00045263
0.00590928
0.00066176
0.00013424
0.00015493
0.00015180
0.00045937
0.00586966
0.00079345
0.00117543
0.00042902
0.01710350
0.01449627
0.01190080
0.00648086
0.00019270
0.00046555
0.01188001
0.00048119
0.02378086
0.27967200
0.06164888
0.00068274
0.00297774
0.04568570
0.00079964
0.00049902
0.00558844
0.07587156
0.01842673
0.01014939
0.02383260
0.01413211
0.00498349
0.00092741
0.01055097
0.02072452
0.03495289
0.02320359
0.00028695
0.01846588
0.05703811
0.11278943
0.11112144
0.00352474
0.01555847
0.00811516
0.01368240
0.00534100
0.01707369
0.00078276
0.00115739
0.50821799
0.00080543
0.00163448
0.00931118
0.02105277
0.00653746
0.01368021
0.00745229
0.01405588
0.00058440
0.00412914
0.00018722
0.01109115
0.00040195
0.00072576
0.05177274
0.01155282
0.00107365
0.47537243
0.01229053
0.02426756
0.01642590
0.04600443
0.37301952
0.08611424
0.00134458
0.00074857
0.00017256
0.01478356
0.00899220
0.00028227
0.18265989
0.00017935
0.03038608
0.00884279
0.03441649
0.00068241
0.00029085
0.08702136
0.01229656
0.02564497
0.00047634
0.01206900
0.00062234
0.09953104
0.00770927
0.00087156
0.05615058
0.00077255
0.00094359
0.01117693
0.00339693
0.00013808
0.00650540
0.00082203
0.00075860
0.08088828
0.00797685
0.39442059
0.00659583
0.01088609
0.01230359
0.01862458
0.00955540
0.00447021
0.02106857
0.38750243
0.00191973
0.00181572
0.02797904
0.00323041
0.01825777
0.00817008
0.02377774
0.01047563
0.00708802
0.00745107
0.00014639
0.01833163
0.15182082
0.00451443
0.01319241
0.00480902
0.01338185
0.00109164
0.00205633
0.07812382
0.00151211
0.01227795
0.00792330
0.00309558
0.17718261
0.00280693
0.10849883
0.24782465
0.00025784
0.00670339
0.03470733
0.00062567
0.00034406
0.00163407
0.01262906
0.21169785
0.01300144
0.00621653
0.09074415
0.00529593
0.00982972
0.22080447
0.00659170
0.44098410
0.00094098
0.01523964
0.00081729
0.00231863
0.00438565
0.02721360
0.00156372
0.45771989
0.00065622
0.12949592
0.06325459
0.00555048
0.04005332
0.02573039
0.00611715
0.00274115
0.47641960
0.01420021
0.00090639
0.02280094
0.00078384
0.01063491
0.04796162
0.16810358
0.00027039
0.03901548
0.00035425
0.02486344
0.00169230
0.08729538
0.00030553
0.21644393
0.00018171
0.00479440
0.00680801
0.01094985
0.08504124
0.01458184
0.02555702
0.00054479
0.02752907
0.01571273
0.00030156
0.00059713
0.00973683
0.00022793
0.00024660
0.01324994
0.15258622
0.02244414
0.03035483
0.00102775
0.00658158
0.00026939
0.03084221
0.25347584
0.02577352
0.03435795
0.01753384
0.00016680
0.00128638
0.00016124
0.00051334
0.00419350
0.00045449
0.02607833
0.07504903
0.07620339
0.01238911
0.00631714
0.06477783
0.06435917
0.50163567
0.12087663
0.00593708
0.00029721
0.54375267
0.00736697
0.00047814
0.00016692
0.00172703
0.00050135
0.02153281
0.00331849
0.00227014
0.00883418
0.02741790
0.01077601
0.00183063
0.00014022
0.01412306
0.00077155
0.00857931
0.01926559
0.01822397
0.00014742
0.01751111
0.02179089
0.02027441
0.00015456
0.00977645
0.00082281
0.00159017
0.27441156
0.59110755
0.00092597
0.01148876
0.00380055
0.00117541
0.00339761
0.02564558
0.00050870
0.00855370
0.00065770
0.00500460
0.28933120
0.01296415
0.13878837
0.06599859
0.04294016
0.00458630
0.01164845
0.00040988
0.23634498
0.00166419
0.01243377
0.51382363
0.00013399
0.01590781
0.00068567
0.02313239
0.00588372
0.25367606
0.01336932
0.05783552
0.00944660
0.00041929
0.01360033
0.01066197
0.01704069
0.00200953
0.00017813
0.00265425
0.02989486
0.38008910
0.01323517
0.00135858
0.05555410
0.01038878
0.01692726
0.00474650
0.00016865
0.02829727
0.02506812
0.00042373
0.01667058
0.29165766
0.00414110
0.00749539
0.02057194
0.01451799
0.00501594
0.07779419
0.46904263
0.00717029
0.01497203
0.10160504
0.00184046
0.00092357
0.34305629
0.01655247
0.03620831
0.00321525
0.00091722
0.00845956
0.02028093
0.00048795
0.01632849
0.07979458
0.02778590
0.01887675
0.01724414
0.00043828
0.27127934
0.00027848
0.00174779
0.01645393
0.03608977
0.03491709
0.00014308
0.00278434
0.00039836
0.01491000
0.00599697
0.00090685
0.01318469
0.00056505
0.00241003
0.04001929
0.55206805
0.00047145
0.00204222
0.00147845
0.16583440
0.00038351
0.00014790
0.00074073
0.00032849
0.00084255
0.06225468
0.00524752
0.02183862
0.00135532
0.02374220
0.00039747
0.00056378
0.32386452
0.31871665
0.00050200
0.19377202
0.00084136
0.00055480
0.01812110
0.00013527
0.01017574
0.01859180
0.01046529
0.00089021
0.00658336
0.00063652
0.19168833
0.00062302
0.00104319
0.00997487
0.00315837
0.00121751
0.00014509
0.00045562
0.00863476
0.06795818
0.01997724
0.07488857
0.02138392
0.05081864
0.01999338
0.04879547
0.00294445
0.01774208
0.00020233
0.00075599
0.00071733
0.01833055
0.08515511
0.08367790
0.00167877
0.00124065
0.00116731
0.39462671
0.00819155
0.04262285
0.00248549
0.00032189
0.00059061
0.00024963
0.00040999
0.00040225
0.00050212
0.00352966
0.00452958
0.01720131
0.26143387
0.00221468
0.01355757
0.00753551
0.00402859
0.00555290
0.01717732
0.00057338
0.00062150
0.05567231
0.00137605
0.02488772
0.17398159
0.00779299
0.36408165
0.12101287
0.18396954
0.01714620
0.00029808
0.01100544
0.30144033
0.02402081
0.00048182
0.01520295
0.00616114
0.00053412
0.00222809
0.00079798
0.18426208
0.00036332
0.08752739
0.00071024
0.00080456
0.00229749
0.02393872
0.00956766
0.01054616
0.04944082
0.03783369
0.00709586
0.00053722
0.02249232
0.01263698
0.00060561
0.00049190
0.00063451
0.00071917
0.00912240
0.00013961
0.06437393
0.01080723
0.00200305
0.00508559
0.15442050
0.00375515
0.01080776
0.00045943
0.00020546
0.00163342
0.39780718
0.10013518
0.00426111
0.00090047
0.00013687
0.00023382
0.07730681
0.00675798
0.00919394
0.01560870
0.00188240
0.01290626
0.00049215
0.02401266
0.00080262
0.06250341
0.00796775
0.02844204
0.00494037
0.01294504
0.00306057
0.00016289
0.00095235
0.00014272
0.01882537
0.00037925
0.00304635
0.00065034
0.00061265
0.00276292
0.00017462
0.00018237
0.03274781
0.00015016
0.00531716
0.10358424
0.00149450
0.00017696
0.00027336
0.00041193
0.09487350
0.09932186
0.01177819
0.00557705
0.26329917
0.00143188
0.00042955
0.01741685
0.57232904
0.00233927
0.02318302
0.00985556
0.00318039
0.00060152
0.03339954
0.00076268
0.00916535
0.04029207
0.00053978
0.00014215
0.00081400
0.00033769
0.54076409
0.38640553
0.00079299
0.08011817
0.02303066
0.00199477
0.01037697
0.00190354
0.00080522
0.00035311
0.02038108
0.01283703
0.00902905
0.02424343
0.01788634
0.02437792
0.00210903
0.01774937
0.00249117
0.20634149
0.17443092
0.00093907
0.00051477
0.00040964
0.02199394
0.00760484
0.31730032
0.00062028
0.01530469
0.01386531
0.02037273
0.02873383
0.00113548
0.01373272
0.02669360
0.01514287
0.00744748
0.00017428
0.12066901
0.00589362
0.00080446
0.03364598
0.00137187
0.00054081
0.01331491
0.00589495
0.18316329
0.00580980
0.00038805
0.00285745
0.00013561
0.38919219
0.00073326
0.00141435
0.00436697
0.00014227
0.00043765
0.02007958
0.01253742
0.00830509
0.01286926
0.00353384
0.01536212
0.00101713
0.05737310
0.09783163
0.00359648
0.00055999
0.00887424
0.01006238
0.01510154
0.11796159
0.11751609
0.00217643
0.00034641
0.01315975
0.05153130
0.15925483
0.01019780
0.00139053
0.01677797
0.00014054
0.25529212
0.00051728
0.00056022
0.02165303
0.05852900
0.00016608
0.01350138
0.01635345
0.00071262
0.00256812
0.00061792
0.08272383
0.31739372
0.00039330
0.00776169
0.04452342
0.10876761
0.00767085
0.04883457
0.05533750
0.01161674
0.00779018
0.02440855
0.00562531
0.00015786
0.31907222
0.05145758
0.00614942
0.02895943
0.01752253
0.01337970
0.12807475
0.00697363
0.00053965
0.01613307
0.00020811
0.00222431
0.00058895
0.00038038
0.00151575
0.05163675
0.00479386
0.08122399
0.07057985
0.02676913
0.35642868
0.00072626
0.00274493
0.02592179
0.00025953
0.01867369
0.00616265
0.04621539
0.09494702
0.02111966
0.44396034
0.00208569
0.01134244
0.01079000
0.00036311
0.15403695
0.00038655
0.00325292
0.01146372
0.00801536
0.07467368
0.00013861
0.00144526
0.00130279
0.00047335
0.19258241
0.00055009
0.08390579
0.00483300
0.00051280
0.02586553
0.02811225
0.02067127
0.04233751
0.15521243
0.02799466
0.00954034
0.01609570
0.01728349
0.00038750
0.00024711
0.00545197
0.18533561
0.00234505
0.11068177
0.10136867
0.00032384
0.00055573
0.00214211
0.02606747
0.00074798
0.00827182
0.00091520
0.25406301
0.01157826
0.00032294
0.00579633
0.02484260
0.07166951
0.01391585
0.01425504
0.08373268
0.02098119
0.00016344
0.01342921
0.00092104
0.00094865
0.00079634
0.00015017
0.12182341
0.01287650
0.00698351
0.00062687
0.00287028
0.02636627
0.01829635
0.00014787
0.03377325
0.04277230
0.00051436
0.00327384
0.00072344
0.00055842
0.00060596
0.00805472
0.14520396
0.02726897
0.02023542
0.05292610
0.01902285
0.02057789
0.01881130
0.00038125
0.06078749
0.04619594
0.00076517
0.07445082
0.00048108
0.00127923
0.25528944
0.00082715
0.00018228
0.39635301
0.04785732
0.00055220
0.00499675
0.02195932
0.01616605
0.00059017
0.00090619
0.00367394
0.00651945
0.01453456
0.69702917
0.00205233
0.18086165
0.01528021
0.00300841
0.00022792
0.04767719
0.01969113
0.00014394
0.06106826
0.00753575
0.05904686
0.04829102
0.25973660
0.01337249
0.00081341
0.00013058
0.17464276
0.01686458
0.09294064
0.00162071
0.34640622
0.48661897
0.02006007
0.00091795
0.00162471
0.00229200
0.01374010
0.00871949
0.35334480
0.00568954
0.00389008
0.01721383
0.00015098
0.00058510
0.01824835
0.08642000
0.00025095
0.04940848
0.00402176
0.22299357
0.00219392
0.01419517
0.45098400
0.00019016
0.38799995
0.00041896
0.00028451
0.00078151
0.00022322
0.00406302
0.00013507
0.18040468
0.00826949
0.00897611
0.02865894
0.03759903
0.23434222
0.14830564
0.02785568
0.08631957
0.00643077
0.00042907
0.01669196
0.00040492
0.00071724
0.22484832
0.00376427
0.00030183
0.00023368
0.00018516
0.44567132
0.00065075
0.00046721
0.01106868
0.05104982
0.10433652
0.00057116
0.25349581
0.00900422
0.06654457
0.02198402
0.00537022
0.01790121
0.00192213
0.05492300
0.09947167
0.00066214
0.00139589
0.56134552
0.00071735
0.00037991
0.00153815
0.40005961
0.00887338
0.00093654
0.00210771
0.00014222
0.10247787
0.11641111
0.03093367
0.00158370
0.00089051
0.01751513
0.00088815
0.37081951
0.00593443
0.00158604
0.00044035
0.01852616
0.00085768
0.37913746
0.02603005
0.18673922
0.16899891
0.17311688
0.00014150
0.04474840
0.01638238
0.02586752
0.00066247
0.01805655
0.01324777
0.12949173
0.00071869
0.44800049
0.01765873
0.00016635
0.00026189
0.00041373
0.00015624
0.01848861
0.00053856
0.00016320
0.12942588
0.03222114
0.03746150
0.00015246
0.02025989
0.00107847
0.00330410
0.03477945
0.00025560
0.00091924
0.00055493
0.00066733
0.34212792
0.00014994
0.29758570
0.01983240
0.00582183
0.03250980
0.00632427
0.38497591
0.48747081
0.00194937
0.01292452
0.00301473
0.00015096
0.00062861
0.01098352
0.28541806
0.06823667
0.00214532
0.00719001
0.00046568
0.00221044
0.00369522
0.00760662
0.00248305
0.00059980
0.00075471
0.01438603
0.01712631
0.00285735
0.04594782
0.03502216
0.08830540
0.09875684
0.02237100
0.00352935
0.00087611
0.00564376
0.08532771
0.01773953
0.24425909
0.00014124
0.02091062
0.00014223
0.00089072
0.02542256
0.02769651
0.03727137
0.00058575
0.01272073
0.20613933
0.03144540
0.01918662
0.01701772
0.49241674
0.06314377
0.00103251
0.00872193
0.00635079
0.00317739
0.00013153
0.01052025
0.00230197
0.00091774
0.00023562
0.07336982
0.00812923
0.10137855
0.00393038
0.01091917
0.01957642
0.02003052
0.02743007
0.08577773
0.01340132
0.00482367
0.00090199
0.00095574
0.00014018
0.00215629
0.01113706
0.00287772
0.00014647
0.00069060
0.00081467
0.00034233
0.02619187
0.00045217
0.02018251
0.00698229
0.00050250
0.02463380
0.01360922
0.00892526
0.02602888
0.00420582
0.00036559
0.00041024
0.05266844
0.00057711
0.01055465
0.01402832
0.01085413
0.00817224
0.00013597
0.01149913
0.03908914
0.00065544
0.00027270
0.00021053
0.00052662
0.18828794
0.00068941
0.01831943
0.01679798
0.01027419
0.01081122
0.01728239
0.00039490
0.00029722
0.00041318
0.02944869
0.07173142
0.01242764
0.00609988
0.02860761
0.01575585
0.00068329
0.00334307
0.01090477
0.00029273
0.00026647
0.07688832
0.02358706
0.00068620
0.00031921
0.01699678
0.00693861
0.01320676
0.25784200
0.00039228
0.00015264
0.00149098
0.00885066
0.01071208
0.00059329
0.02019094
0.01318477
0.27785379
0.00013476
0.10255117
0.00013670
0.00507086
0.00091573
0.48281848
0.03018723
0.00127501
0.00106323
0.13358380
0.01219523
0.29062626
0.00053614
0.00020350
0.24319983
0.02064540
0.02435266
0.00599037
0.00333602
0.00956139
0.00100440
0.02462805
0.00035528
0.00064102
0.02534754
0.02955019
0.00304605
0.01522483
0.00072380
0.01543418
0.00059354
0.02769489
0.00014128
0.00021801
0.00891345
0.01748502
0.05126684
0.03291856
0.00034814
0.02594898
0.00016776
0.00662084
0.01161242
0.00139910
0.01372941
0.00030372
0.00869042
0.19094905
0.01447270
0.40082884
0.00028418
0.03582392
0.01258883
0.00037935
0.00017438
0.01303457
0.00028797
0.02533728
0.00151873
0.00379834
0.00749557
0.00690911
0.01582962
0.02788351
0.00121662
0.00873637
0.00087339
0.01459377
0.00089250
0.00013460
0.00081119
0.00066056
0.01566061
0.00055250
0.00983318
0.14340542
0.01831937
0.00406139
0.00084674
0.00076187
0.00041944
0.00014614
0.01550566
0.00020864
0.00307437
0.12253805
0.00145346
0.02206301
0.00088665
0.00086045
0.03661662
0.06295545
0.00015094
0.26141980
0.07833622
0.02535990
0.00013758
0.00014161
0.02814135
0.02625344
0.00034544
0.00018146
0.00100416
0.00071884
0.01763179
0.00226331
0.00017334
0.00094580
0.00795535
0.00241386
0.01613456
0.01802348
0.25688118
0.01431929
0.04666006
0.05065244
0.01085839
0.00084432
0.00975656
0.00753636
0.00268889
0.01066889
0.00129647
0.02003107
0.00670104
0.00052540
0.02071547
0.00979433
0.01879984
0.13850807
0.00941723
0.02560475
0.08612669
0.01257872
0.00212895
0.00018063
0.03676550
0.01305452
0.06063610
0.01483364
0.14336045
0.00194720
0.00064678
0.00142009
0.00446387
0.00043757
0.04740883
0.00307674
0.01724364
0.00687769
0.07855354
0.00860813
0.00180661
0.01915662
0.01911146
0.37877947
0.01230302
0.00125649
0.01850227
0.00214274
0.01816327
0.03177878
0.00014950
0.00088241
0.01437508
0.00557267
0.00419680
0.00014043
0.00479709
0.00020229
0.03513775
0.00054516
0.01402001
0.00158819
0.00867800
0.00036735
0.05253468
0.00114736
0.00176308
0.01555825
0.00160961
0.00077995
0.20045586
0.00037845
0.17100111
0.02460659
0.38258642
0.01938207
0.00043146
0.00121510
0.00729479
0.00070438
0.08659834
0.02755761
0.00043567
0.00404886
0.00739274
0.01253942
0.00821269
0.01957200
0.00018717
0.00082624
0.00029988
0.00018982
0.03172475
0.01112092
0.09059171
0.00034062
0.00084578
0.00087841
0.00013250
0.00165972
0.03296857
0.01798609
0.01961596
0.42356494
0.01493960
0.00056920
0.01828486
0.00046607
0.00752447
0.00049639
0.00041454
0.01019375
0.01899180
0.01667389
0.08809488
0.00049926
0.00043974
0.00016368
0.03253390
0.06122047
0.01409062
0.00066060
0.02408810
0.01019128
0.00682331
0.00042982
0.06401872
0.08574145
0.00041108
0.00090370
0.02110046
0.05311902
0.01035740
0.00079739
0.00061174
0.00015870
0.02498738
0.00015716
0.13125196
0.00873556
0.01110902
0.01332290
0.01480612
0.06258226
0.01903975
0.00363617
0.02202665
0.00132583
0.04432967
0.00036218
0.00050494
0.00059976
0.00051362
0.21567319
0.00060906
0.13761169
0.00807272
0.14366966
0.06150224
0.01597111
0.05561126
0.00507105
0.00139642
0.00014162
0.00144501
0.02569129
0.00608634
0.00069545
0.00405212
0.00052010
0.03304661
0.00014882
0.00037675
0.04218137
0.09684121
0.00018199
0.62636077
0.04146378
0.00078649
0.05679324
0.00307581
0.01633481
0.00048037
0.00540607
0.00081853
0.00014188
0.00176588
0.00113360
0.02415911
0.00115530
0.00079477
0.03936294
0.00679427
0.00016338
0.01077407
0.19164859
0.06344920
0.00018754
0.04894613
0.00078005
0.04322798
0.00266248
0.02304214
0.00042949
0.01390122
0.00029889
0.02084406
0.00712080
0.00016147
0.00615072
0.00014304
0.01776563
0.01616897
0.01559854
0.27782956
0.00593819
0.00123480
0.04710774
0.04026860
0.01178101
0.00374806
0.01143825
0.56588078
0.00049482
0.00057833
0.04786361
0.00085497
0.00039612
0.02041761
0.18299894
0.00109563
0.08711734
0.00487642
0.00045777
0.02953890
0.00352650
0.00116933
0.01861625
0.00048856
0.01285003
0.01875798
0.00014968
0.02402394
0.01345958
0.00442443
0.00049259
0.00028810
0.00091632
0.24580863
0.23495661
0.02981715
0.00074828
0.00021994
0.00051457
0.25182372
0.00017740
0.00185205
0.01897879
0.00087441
0.00090701
0.00041368
0.29360399
0.05643559
0.00113277
0.01704568
0.06658193
0.01005161
0.00671165
0.00018811
0.00318125
0.00243768
0.01824524
0.02601731
0.26012194
0.00034619
0.00017677
0.00048301
0.12069380
0.05678995
0.00746150
0.05760827
0.00018546
0.00059072
0.00014528
0.06556011
0.01276439
0.00077697
0.04319298
0.00866257
0.07696346
0.00129127
0.00042017
0.00040272
0.00084092
0.00699592
0.16356185
0.01741112
0.00013099
0.00075770
0.01657918
0.01200286
0.01798416
0.00102914
0.01067769
0.00018970
0.00070309
0.00748593
0.01504305
0.00380289
0.00023170
0.00735280
0.03369549
0.01959994
0.00034618
0.01646844
0.01112777
0.01401749
0.00257316
0.01207625
0.00072161
0.04578472
0.00025341
0.00014347
0.00705442
0.00392131
0.08482298
0.36164272
0.00013856
0.00035633
0.00041632
0.01138448
0.00066920
0.01233984
0.02948827
0.01006749
0.00031499
0.00128029
0.08500790
0.00013558
0.00589616
0.00030828
0.00073360
0.00413058
0.00039550
0.47135520
0.00321991
0.00096467
0.00024332
0.00068626
0.00014919
0.02578182
0.19919661
0.00015025
0.02662778
0.00062076
0.00035653
0.00064276
0.02966857
0.01083588
0.01118650
0.00200897
0.00075007
0.09855189
0.00039007
0.00828917
0.02687556
0.05691350
0.00013047
0.01782358
0.00015162
0.00944002
0.00042685
0.00192082
0.00686249
0.00059848
0.00331903
0.01048326
0.02420520
0.01449126
0.00018906
0.00112745
0.01709853
0.04682765
0.16080637
0.00164562
0.00333710
0.01644070
0.01129696
0.00270978
0.01079551
0.04153306
0.00938606
0.00087484
0.00290845
0.00401215
0.06154665
0.00094923
0.02460565
0.00078546
0.18626045
0.03756027
0.00027230
0.00013676
0.00070241
0.46646553
0.00015431
0.00203595
0.00085638
0.00845210
0.00015990
0.00546163
0.00378552
0.00199200
0.03982794
0.00076729
0.03095138
0.03066953
0.00974008
0.01794005
0.02329464
0.00158757
0.00047159
0.00566070
0.00201528
0.05108018
0.00576325
0.17439340
0.00103681
0.00021839
0.00699817
0.00047383
0.00505844
0.00908702
0.00030525
0.00064713
0.33289123
0.03139186
0.00375889
0.07030763
0.27530578
0.00154929
0.00282055
0.02935612
0.00922535
0.00870129
0.00144533
0.01457071
0.00132902
0.00902949
0.00059103
0.02170221
0.13315515
0.00064904
0.02331072
0.00184722
0.00600532
0.00094069
0.00015314
0.01229788
0.10217684
0.00206295
0.41057757
0.00287584
0.29891506
0.01927091
0.00158599
0.00305865
0.01247676
0.00821560
0.03666128
0.01052092
0.00035714
0.00217072
0.00053725
0.07365341
0.00062439
0.00073559
0.00044800
0.00736590
0.01545112
0.01382140
0.23430084
0.00855195
0.06120432
0.45260328
0.00336928
0.01210226
0.00080108
0.00772126
0.00044121
0.40084738
0.00538500
0.00283605
0.00078582
0.02394552
0.00942423
0.00804470
0.00060042
0.00015458
0.01602556
0.00288286
0.02100492
0.00078994
0.00086592
0.03560474
0.02129512
0.00651506
0.00154751
0.00037134
0.00094806
0.00334878
0.00638467
0.01525176
0.00292340
0.01498687
0.02435477
0.00137345
0.01353803
0.12612735
0.00013654
0.00056796
0.00198983
0.00067842
0.41548222
0.02327798
0.00977145
0.01153397
0.03158727
0.01386069
0.04168678
0.00039151
0.00148569
0.04406056
0.00031946
0.04822625
0.00084693
0.02971646
0.30491254
0.00021246
0.05210072
0.00092881
0.00017289
0.01109994
0.00014367
0.01134312
0.00145060
0.03782185
0.00057628
0.00045034
0.00101213
0.00984469
0.01412663
0.00093386
0.00083047
0.00080569
0.00350316
0.02461910
0.00014691
0.00556413
0.03807497
0.00291163
0.00061920
0.40741393
0.01695633
0.00635288
0.00039810
0.00040622
0.00699024
0.00070147
0.02286272
0.00042807
0.00386130
0.00478801
0.00039739
0.21247783
0.00801680
0.00933281
0.22499746
0.00040989
0.01381174
0.01829375
0.14434157
0.01263885
0.00516861
0.00724682
0.00125402
0.14413626
0.00186937
0.53262514
0.00141449
0.00021892
0.00868651
0.29111004
0.01924692
0.01214149
0.00067232
0.44953111
0.00036138
0.02533871
0.00943762
0.03076391
0.00086588
0.00354590
0.01751280
0.00888223
0.00031809
0.00040428
0.00538644
0.15136851
0.01477081
0.19317757
0.00015939
0.01950975
0.00765830
0.01435330
0.01286884
0.09467217
0.00042454
0.01620806
0.67219013
0.00290305
0.00060840
0.00857969
0.00382565
0.05487574
0.00827289
0.02113793
0.00188030
0.00017570
0.00185651
0.00384893
0.00445300
0.00066600
0.00263248
0.03462947
0.09374264
0.00030415
0.03599895
0.01110612
0.00067291
0.00014221
0.00095607
0.03102820
0.00467732
0.02031286
0.00044700
0.00441105
0.00049438
0.00033311
0.00019767
0.03327252
0.03406898
0.00114929
0.26926640
0.00074207
0.00546510
0.02525413
0.01159814
0.00551864
0.00042977
0.00410395
0.00198880
0.00031118
0.00302895
0.00186361
0.02582316
0.00044492
0.00429125
0.00014306
0.08740968
0.60750586
0.00485800
0.01071399
0.00331098
0.00590915
0.00635215
0.26417518
0.10704573
0.00094066
0.00050222
0.17805116
0.00423256
0.01156490
0.00710231
0.02994228
0.00038132
0.18026574
0.03679242
0.01306522
0.00012968
0.00015423
0.00015184
0.00047814
0.00192896
0.00864881
0.00107561
0.00984760
0.00287455
0.00024723
0.00851117
0.00061091
0.26434004
0.00025729
0.20505236
0.00048386
0.00059978
0.05890298
0.01305486
0.00086665
0.04483337
0.00016083
0.00014867
0.00025414
0.00043147
0.00771063
0.00191638
0.00757384
0.00065827
0.00022148
0.01573022
0.01992671
0.01790334
0.00614269
0.02500393
0.00086070
0.01611640
0.00073966
0.00734969
0.01477460
0.00084554
0.00610919
0.00929281
0.22645739
0.00402784
0.01211346
0.00534762
0.00028638
0.02954960
0.01202615
0.12069751
0.16971295
0.29577720
0.31913126
0.02979679
0.06014507
0.03008352
0.00509418
0.00452810
0.01986583
0.00022971
0.03815405
0.00014035
0.00872535
0.00671048
0.02413671
0.02962623
0.00344850
0.00341209
0.01138500
0.00467094
0.01697958
0.00031996
0.00917305
0.01679792
0.01223030
0.00035484
0.00084491
0.01421076
0.02883458
0.02234778
0.01784270
0.00829238
0.00549110
0.01885204
0.04819973
0.00864050
0.02914174
0.00785462
0.34441864
0.00383624
0.02419740
0.00343427
0.01508006
0.00951590
0.01526232
0.01122002
0.03600412
0.00439829
0.00032992
0.00849075
0.00037909
0.00012973
0.04116007
0.00879865
0.00014879
0.00034278
0.02615541
0.01896442
0.00710891
0.00046490
0.00328427
0.00449052
0.00014239
0.00887249
0.36436799
0.00067327
0.38364378
0.00134908
0.24343090
0.00030222
0.01030360
0.00094880
0.01331397
0.00019090
0.00998575
0.00154955
0.00135579
0.01272428
0.02097411
0.00664769
0.02880158
0.04472640
0.00175614
0.00153978
0.00029915
0.00053161
0.00326244
0.00039082
0.00027299
0.00108120
0.01503474
0.23033921
0.01992220
0.02371323
0.06276695
0.03095333
0.03932586
0.00262132
0.01739801
0.27853370
0.02680814
0.01261496
0.00307797
0.00057536
0.00424567
0.00049599
0.00293493
0.00022407
0.02040405
0.00045988
0.08442437
0.00086378
0.07789970
0.01576376
0.00041174
0.00018164
0.08095001
0.00059536
0.00426726
0.05858596
0.00076686
0.00782046
0.07029590
0.02772102
0.00036622
0.41174817
0.00013973
0.00026653
0.00504355
0.00020390
0.00411309
0.00062081
0.02382438
0.01501733
0.00014780
0.00483603
0.06324606
0.00403575
0.00014923
0.39796534
0.00049149
0.07305279
0.03244156
0.00046061
0.00768906
0.03506880
0.00072671
0.00455787
0.00193908
0.01637098
0.04545563
0.01902455
0.34248233
0.00538912
0.00055191
0.00955243
0.00075389
0.00048966
0.00110964
0.00495653
0.00020623
0.10160254
0.02679786
0.00037989
0.18224299
0.00094478
0.00210354
0.00049683
0.00169838
0.26716799
0.00110416
0.00065623
0.00083172
0.10851224
0.00040888
0.01520121
0.00609607
0.00026949
0.00190011
0.00064638
0.00130654
0.02418619
0.02026874
0.00032319
0.00041743
0.00093270
0.02470866
0.03042618
0.01839120
0.01495055
0.00072256
0.02268194
0.00309112
0.03513050
0.00071248
0.00080700
0.04642840
0.12683719
0.00386501
0.00162167
0.00575996
0.30196339
0.50082189
0.00036293
0.01729023
0.02068155
0.00023714
0.00723063
0.01251856
0.10083049
0.00017618
0.00055417
0.00163128
0.00403332
0.00320980
0.00070135
0.00064216
0.02155892
0.00178327
0.04910570
0.00040500
0.34706625
0.06563809
0.00053281
0.10319753
0.00014318
0.22711094
0.01362352
0.00076050
0.00035641
0.00326459
0.00093295
0.00520936
0.00035860
0.03254893
0.00036543
0.00154621
0.00140291
0.01703436
0.00580008
0.00091001
0.00186032
0.00267155
0.00264976
0.13441235
0.02459667
0.00086737
0.34368026
0.00174417
0.00130118
0.01445064
0.00689835
0.01672404
0.00017199
0.04610134
0.01774448
0.00041149
0.00920166
0.00050262
0.00042077
0.00256266
0.00451157
0.02824702
0.01754829
0.00015322
0.00043575
0.01171425
0.00022434
0.09045131
0.00079040
0.02417808
0.00051476
0.01717188
0.00013352
0.06098434
0.00049621
0.00200708
0.08946885
0.03337118
0.43726805
0.00287318
0.00199284
0.00128210
0.01891046
0.00018555
0.16743371
0.03784951
0.06319403
0.05474885
0.00727102
0.01361399
0.00090724
0.03125773
0.03271387
0.01424348
0.03655869
0.01317194
0.00048804
0.04681266
0.00088065
0.16464294
0.00031455
0.01190348
0.01395624
0.00307326
0.00175537
0.20579393
0.01414426
0.00084707
0.00485296
0.00036911
0.00025521
0.55961609
0.00016621
0.00024949
0.28167394
0.00112808
0.03528471
0.00606974
0.00013850
0.01342384
0.00110401
0.00056809
0.06924495
0.00028620
0.00080432
0.00016929
0.32163933
0.00608660
0.00677553
0.05618584
0.50905710
0.00142192
0.00205089
0.14444618
0.00044769
0.00040792
0.00606840
0.00995080
0.00086969
0.00014567
0.00097238
0.00795615
0.00222794
0.00203761
0.03140023
0.08704783
0.00082406
0.00027974
0.02317764
0.01125828
0.00404807
0.00083624
0.02911566
0.00560014
0.01047966
0.01414604
0.03237678
0.00076662
0.00385064
0.01353295
0.00043643
0.17054123
0.02447209
0.00040868
0.00100847
0.00904963
0.00041779
0.00521437
0.00045093
0.11541278
0.01166979
0.00069569
0.01748493
0.10303721
0.00993413
0.02375052
0.05710925
0.00066284
0.02441034
0.01135186
0.00074039
0.17065500
0.00922391
0.01158558
0.00212859
0.04981731
0.00334373
0.00079791
0.35802838
0.00702512
0.00021094
0.01936813
0.00032114
0.00044862
0.00058688
0.00050857
0.06310149
0.28673100
0.01429185
0.01514828
0.00201087
0.00306562
0.03086977
0.01023929
0.00043076
0.27322859
0.01330828
0.00043480
0.03689069
0.00014974
0.01956738
0.00680674
0.00061460
0.25425252
0.00025109
0.01483856
0.21127652
0.05815983
0.02857082
0.03686922
0.03685536
0.00080767
0.02313785
0.01639403
0.00626386
0.40908304
0.04936689
0.00842697
0.00153322
0.00066279
0.06547975
0.00524662
0.01792463
0.00711972
0.05997625
0.25258085
0.00085757
0.00551617
0.00080336
0.00076992
0.11040229
0.01296091
0.02676538
0.18038967
0.00079248
0.00060113
0.02007592
0.00133615
0.00427792
0.00013472
0.00077822
0.54998946
0.13984632
0.00567769
0.01456302
0.03919541
0.01384158
0.10304105
0.11837870
0.00013203
0.03343158
0.00015872
0.38417298
0.02612411
0.03201435
0.18594156
0.00056110
0.00880208
0.01840492
0.00181306
0.00067125
0.00067760
0.00016862
0.02784858
0.00034050
0.00443072
0.00058963
0.02497622
0.03386283
0.00825284
0.00499196
0.01462769
0.00513814
0.00738609
0.01350852
0.01049229
0.00024320
0.00046424
0.00084997
0.00116979
0.00016225
0.13731168
0.00098763
0.05561047
0.01653090
0.00331768
0.40302497
0.11794727
0.01380730
0.00017422
0.00510969
0.00132628
0.18356581
0.41144288
0.01389644
0.03833285
0.08090231
0.28568181
0.00020395
0.01711993
0.05798914
0.52378225
0.18264432
0.03692063
0.09280504
0.04444260
0.01605825
0.01407871
0.02801827
0.00036039
0.00608499
0.00106625
0.02491508
0.04738145
0.00040805
0.00437501
0.02153640
0.01957263
0.02726852
0.00568022
0.02370211
0.00735589
0.21721664
0.00134286
0.01567313
0.25332192
0.00328949
0.00057869
0.19155364
0.00600099
0.22493495
0.00231209
0.00073953
0.01989890
0.02605374
0.00015303
0.00035005
0.21158142
0.00090349
0.00234126
0.03316529
0.00014707
0.00016428
0.37373659
0.03446806
0.00174082
0.00126109
0.01743482
0.00015547
0.06533233
0.00994583
0.00223053
0.00016877
0.19544864
0.32016149
0.00230998
0.00725933
0.01193199
0.57847309
0.03345915
0.18867636
0.02259475
0.00081233
0.06371648
0.00601586
0.01784424
0.00090131
0.01135100
0.01613086
0.16027425
0.02522579
0.02221321
0.02935108
0.00063426
0.08573353
0.00784456
0.00053062
0.02464452
0.00334572
0.01977419
0.00733553
0.00068565
0.00657437
0.08074957
0.00177257
0.36655158
0.00190288
0.22228372
0.00034598
0.00221528
0.02304055
0.12201116
0.00056836
0.00014041
0.43044192
0.00057204
0.48294619
0.00083643
0.00024957
0.10727451
0.00016222
0.12063937
0.00016247
0.01659656
0.00032893
0.00931919
0.00085777
0.11222026
0.00074541
0.00906349
0.01699046
0.12172651
0.00080945
0.00016032
0.00066696
0.02680014
0.00116251
0.03764183
0.01205381
0.00033873
0.00327776
0.01858569
0.00052950
0.04982188
0.01181985
0.13402942
0.01904457
0.00013258
0.33477587
0.03133216
0.00053546
0.00212999
0.00852192
0.05450919
0.01592805
0.01158369
0.00714776
0.00368907
0.00015870
0.00343513
0.00086700
0.00990512
0.01573157
0.00178802
0.00088074
0.01334399
0.00016187
0.00903242
0.02335183
0.00666706
0.00013538
0.01608716
0.00016975
0.01022163
0.00012825
0.00118387
0.03018459
0.01118721
0.00029532
0.00017310
0.19978969
0.01359739
0.01845122
0.00076321
0.02120484
0.00074757
0.02461209
0.06758378
0.00151619
0.00013635
0.00046601
0.01333245
0.01939629
0.00169713
0.00034002
0.03501441
0.01868264
0.00027246
0.00901779
0.00015838
0.00086862
0.00231367
0.00020093
0.01570907
0.01196008
0.01541756
0.00560092
0.08713333
0.00509022
0.00072187
0.06344455
0.01974363
0.00013631
0.00194053
0.00078585
0.00023361
0.00039507
0.00327114
0.02253796
0.02531900
0.01554775
0.00218979
0.00051658
0.01373922
0.00051693
0.00032831
0.00020988
0.00017005
0.23555090
0.00032378
0.00347277
0.00071594
0.04346208
0.02526253
0.02005479
0.00020580
0.00801873
0.29009652
0.54553086
0.00352340
0.02837467
0.00057688
0.26556820
0.01444781
0.00039867
0.00014467
0.00361381
0.32848534
0.00130741
0.00040820
0.00626864
0.00476036
0.01003343
0.02870841
0.07187330
0.09748876
0.00248159
0.00647564
0.01616986
0.00063543
0.00138179
0.00889961
0.00175096
0.01508722
0.00069696
0.03025132
0.00725144
0.02582670
0.01593397
0.00725169
0.00040607
0.07441204
0.05535834
0.01320102
0.01163303
0.00107763
0.01181038
0.13508770
0.00033640
0.01743614
0.01236294
0.00179565
0.02968820
0.01550018
0.01432846
0.00069277
0.00015318
0.00015233
0.00103019
0.23360956
0.00076796
0.00223219
0.02938088
0.58376509
0.00965501
0.00334938
0.02131653
0.01079117
0.00039278
0.02042957
0.00978382
0.02304363
0.00371407
0.00022313
0.02551039
0.00268433
0.10828689
0.33046234
0.00654235
0.02463903
0.01504888
0.00033611
0.00013934
0.00029864
0.00630944
0.00096329
0.49123305
0.00474354
0.00517255
0.10898452
0.00260020
0.01407893
0.01672254
0.36951748
0.38321018
0.26963222
0.00300922
0.00511976
0.00179353
0.01066848
0.00027785
0.00215915
0.12588172
0.00013062
0.15393785
0.00340934
0.00117871
0.00086636
0.11879967
0.07062168
0.00013601
0.00152295
0.00628541
0.00436211
0.05503691
0.00778109
0.00014275
0.04038418
0.03601649
0.01405551
0.00037363
0.01027534
0.00075321
0.00143768
0.01188666
0.00080777
0.00044149
0.06752637
0.01540617
0.00339557
0.19533916
0.02640359
0.00587883
0.01200303
0.04406184
0.00088982
0.00051791
0.25350842
0.03681675
0.00095484
0.00271725
0.05417391
0.00038699
0.03365042
0.01575257
0.01474570
0.04386509
0.02180829
0.00425551
0.00046718
0.00888805
0.00915124
0.00032841
0.01022245
0.02135568
0.01318852
0.08668717
0.00016021
0.05169589
0.01885658
0.00114268
0.01806350
0.00173524
0.02410434
0.00015961
0.02222476
0.00046805
0.00086251
0.00214479
0.00553450
0.17909592
0.00081804
0.00038042
0.01161024
0.00020892
0.00074949
0.00017434
0.32987702
0.01305047
0.25182357
0.20140673
0.00023318
0.00023033
0.02266246
0.00355093
0.00029150
0.17485951
0.00017711
0.01525852
0.01579508
0.00033097
0.03088005
0.00014985
0.22397774
0.32234079
0.15530670
0.00018585
0.00630444
0.00125388
0.01410596
0.00680812
0.02115050
0.31261098
0.05590871
0.02727284
0.00922874
0.07387803
0.04163802
0.01287514
0.01514905
0.01379117
0.01456644
0.01368218
0.05866181
0.00043368
0.00086903
0.01704744
0.00029482
0.00015951
0.00095021
0.00085836
0.00087181
0.00219361
0.01524076
0.00049104
0.01758396
0.00038691
0.00037273
0.00014518
0.00925316
0.19293186
0.00329702
0.24417128
0.00102978
0.14441045
0.01060753
0.01745487
0.00063848
0.01283350
0.00318504
0.48591053
0.00227264
0.00082215
0.00671729
0.09177635
0.23701017
0.00305280
0.00349695
0.00130845
0.10414829
0.02797076
0.02171301
0.00559368
0.00716705
0.04853629
0.00663794
0.00066235
0.01142011
0.02315813
0.02580887
0.01847790
0.00033760
0.00017815
0.02593715
0.03357884
0.01358336
0.00041141
0.02397628
0.00035733
0.25106144
0.00079054
0.00079067
0.00015389
0.00014093
0.00144641
0.00054767
0.03525065
0.01513379
0.03259275
0.03906159
0.05018893
0.00046813
0.00089292
0.00635370
0.04978457
0.00015588
0.25823286
0.00079727
0.00286997
0.00025056
0.03864210
0.00061002
0.00104753
0.01801718
0.00014838
0.25469750
0.09833528
0.04990567
0.00202124
0.00014413
0.03319457
0.01831354
0.00185850
0.00901975
0.01125723
0.00019881
0.10502128
0.01257284
0.10094528
0.23863032
0.00149626
0.00049222
0.10333522
0.01434192
0.21328087
0.00043115
0.00059845
0.04727735
0.01449428
0.00385965
0.03512391
0.01017300
0.02622581
0.00971235
0.00087051
0.02301405
0.06308941
0.00797640
0.00219349
0.00228707
0.02087822
0.00013492
0.00823431
0.01836921
0.02140856
0.02383840
0.00084338
0.00967699
0.05467707
0.00755342
0.00019665
0.01185961
0.00452677
0.01128597
0.02023469
0.00034507
0.02093135
0.00673251
0.00062833
0.02271676
0.00196456
0.00069854
0.28581786
0.03187842
0.39313433
0.00048209
0.00027561
0.01009797
0.03746690
0.03578329
0.39821008
0.00833640
0.00339284
0.00242158
0.00018052
0.00562045
0.00078320
0.00012369
0.00016817
0.00066827
0.00045207
0.00613443
0.00909036
0.16146174
0.00092886
0.00906067
0.00030716
0.00098838
0.00236933
0.00238944
0.00026661
0.00350383
0.00536949
0.01459182
0.01291931
0.00076175
0.00392933
0.04580591
0.11400636
