0.81323808
0.73888326
0.99836612
0.69873559
0.64848125
0.67914629
0.83726490
0.82190681
0.79856610
0.79138088
0.72765785
0.82190681
0.76417327
0.98820543
0.66961563
0.66813362
0.71853477
0.75896263
0.66961563
0.72407794
0.63918716
0.63944191
0.66629410
0.73905694
0.97132707
0.63918716
0.81598359
0.73632228
0.48819613
0.74844885
0.71491575
0.73632228
0.78392828
0.75239009
0.71955144
0.94495511
0.76634520
0.69876397
0.75239009
0.83117509
0.88156646
0.78655356
0.83558547
0.87791175
0.88156646
0.94677806
0.93432295
1.01172137
0.96829140
0.97575772
1.01127696
1.01172137
1.12219656
1.01120973
1.08503211
1.06026542
1.07387447
0.92440438
1.01120973
0.99074811
1.11748147
0.91120112
0.95745015
1.06464839
1.11748147
0.99867994
1.00080979
1.12733555
0.87649614
1.01965189
1.00547218
1.00080979
0.99723685
1.01039481
1.02280605
1.01743376
1.07554698
1.01039481
0.95515496
0.90065736
1.01515317
1.01907027
1.06285226
0.94745517
1.01515317
1.07745588
1.05994892
1.14241672
1.02099383
1.13206327
0.93432295
1.05994892
1.05372393
1.01944637
1.03141797
1.16277599
1.16530788
1.01944637
0.95322847
1.01258337
0.90747786
0.96865475
0.99700141
0.99132818
1.01258337
1.00851297
1.03120410
1.10672939
1.05769992
0.87674415
1.03120410
0.96894968
0.78970945
1.06081998
0.94973648
0.90804619
0.98740888
0.98598647
0.94973648
0.90549898
0.97892916
0.98168951
0.93104780
1.00981092
0.89846265
0.97892916
0.99285102
0.97735327
1.00177848
1.01479518
1.07210970
0.97735327
1.00160766
0.94312799
0.93707383
1.01050687
1.00349927
0.96476084
0.94312799
1.03818893
1.02808464
1.03234553
1.06364095
1.15274453
1.02808464
0.98683673
0.94996417
0.90916044
0.96724075
0.93718684
0.94265151
0.90916044
0.88121039
0.81812143
0.79033041
0.89128381
0.88078934
1.06081998
0.81812143
0.87529755
0.80821502
0.81304675
0.78867722
0.61835623
0.80821502
0.90518558
0.94023347
0.97139293
0.97017848
0.94374037
0.88202661
0.94023347
0.92386031
0.90756315
0.93469536
0.95153022
0.77497315
0.90756315
0.94473398
0.98524410
0.89861709
0.87530047
0.87735116
0.93387443
0.89861709
0.85101712
0.82488036
0.84400749
0.82953155
0.84593552
0.93955845
0.82488036
0.87097454
0.91851276
0.90930045
0.85493946
0.85742527
0.91851276
0.69709563
0.62971061
0.56039274
0.96761352
0.67680591
0.70699227
0.62971061
0.38762626
0.07287949
0.37439212
0.20333549
0.08581633
0.07287949
0.36398494
0.92262226
0.38521200
0.43832874
0.50784022
0.18452360
0.38521200
0.22915483
0.61585253
0.23459356
0.37648219
0.52388769
0.83021075
0.98524410
0.61585253
0.69140983
0.48526919
0.26368704
0.67905182
0.67053175
0.48526919
0.69206381
0.61943495
0.68923575
0.88490599
0.67409921
0.67285734
0.61943495
0.84590590
0.82838017
0.91080391
0.80566287
0.86237299
0.82838017
0.72453409
0.89445066
0.80733371
0.69027555
0.79201484
0.61792636
0.80733371
0.39688289
0.62012100
0.49599993
0.42728710
0.45758891
0.92172605
0.62012100
0.73244327
0.76857483
0.82311708
0.67215800
0.78287250
0.76857483
0.71996653
0.66663951
0.64667749
0.87655854
0.69647563
0.57609153
0.66663951
0.50547951
0.48304349
0.36378798
0.51211941
0.06536514
0.48304349
0.66591966
0.96431267
0.77780068
0.74029720
0.78279614
0.69111204
0.77780068
0.74138254
0.86327541
0.88711160
0.77195507
0.82818156
0.89445066
0.86327541
0.91530073
0.87429225
0.90256208
0.91534173
0.87733877
0.87429225
0.86187154
0.95565307
0.94641566
0.99901241
0.81112146
0.86245489
0.95565307
0.85268819
0.94949627
0.83907443
0.84412718
0.88816291
0.94949627
0.89155430
0.98659670
0.88088572
0.92838079
0.88810879
0.90004724
0.88088572
0.65924716
0.71649057
0.61319375
0.73599511
0.66889012
0.94398099
0.71649057
0.54210430
0.51563740
0.10515379
0.48958722
0.26887429
0.51563740
0.02675653
0.04726672
0.00491713
0.79016387
0.99274540
0.03052199
0.09767174
0.04726672
0.71832877
0.65446204
0.70929813
0.10303745
0.57801104
0.65446204
0.24722961
0.92462081
0.37914881
0.29840437
0.25831357
0.09089043
0.37914881
0.74433261
0.60951394
0.72165513
0.67451322
0.70424157
0.98659670
0.60951394
0.70904714
0.78418398
0.76194078
0.74876153
0.63114035
0.78418398
0.27592707
0.29022759
0.10906670
0.91613674
0.02025327
0.27366939
0.29022759
0.64395523
0.69360179
0.45240125
0.62912589
0.61205572
0.69360179
0.74655986
0.92800182
0.80070853
0.69755173
0.71646082
0.77344966
0.80070853
0.63635808
0.72465032
0.75696343
0.80023259
0.79578120
1.04592872
0.72465032
0.84638798
0.87499821
0.91060925
0.83607751
0.78293693
0.87499821
0.67730868
0.07572449
0.53497612
0.98379397
0.74008417
0.17384176
0.07572449
0.62789607
0.53448802
0.58802998
0.68874538
0.70150268
0.53448802
0.74272430
0.81199634
0.80525124
0.77733427
0.76219845
0.61947763
0.80525124
0.75707930
0.70574367
0.83166540
0.85070974
0.74821812
0.92800182
0.70574367
0.74859881
0.79819858
0.77222651
0.87488377
0.76506597
0.79819858
0.71936762
0.84380591
0.82136291
0.88169146
0.86632341
0.80979550
0.84380591
0.64784801
0.66907746
0.75978202
0.73473853
0.80992872
0.66907746
0.88491398
0.86041003
0.93620789
0.83156532
0.86149877
0.89132500
0.79800218
0.83156532
0.89398408
0.90368313
0.94094336
0.95520604
0.91532779
0.87849104
0.90368313
1.03649533
0.91045070
0.92630118
0.99572688
1.03631520
0.91045070
0.71743298
0.71930093
0.90152729
0.92687005
0.87159979
0.63792551
0.71930093
0.72992361
0.68043125
0.71756124
0.71795714
0.73698872
0.68043125
0.61479670
0.75962907
0.69185978
0.70574969
0.53710192
0.60556418
0.69185978
0.58052844
0.38930568
0.45413658
0.53845966
0.25903767
0.93620789
0.38930568
0.51826292
0.41131046
0.47586587
0.53829873
0.32738781
0.41131046
0.69948763
0.78325224
0.75478297
0.80363500
0.70718360
0.59364200
0.78325224
0.19041944
0.26939261
0.38888216
0.07015737
0.07482257
0.26939261
0.74891299
0.83019638
0.80070394
0.81338078
0.69343597
0.89858919
0.80070394
0.77803516
0.74175251
0.83834898
0.78931499
0.68480527
0.88407993
0.74175251
0.81436348
0.80702865
0.79680383
0.80007029
0.74374974
0.80702865
0.90299320
0.75062823
0.73548543
0.84191346
0.80437797
0.82076156
0.75062823
0.78982639
0.79778111
0.77210355
0.75048089
0.81888020
0.79778111
0.51654470
0.78461915
0.48048320
0.37437162
0.43665731
0.36530781
0.48048320
0.41521969
0.32835045
0.29321867
0.35466811
0.52335745
0.92531508
0.83019638
0.32835045
0.64786935
0.52945250
0.65318388
0.75376487
0.32874906
0.52945250
0.62948322
0.52407205
0.54024178
0.78137243
0.51140833
0.61346525
0.52407205
0.26216918
0.56340432
0.58109796
0.44780809
0.23002906
0.56340432
0.16697115
0.90484762
0.25941202
0.46972084
0.26993316
0.20244785
0.25941202
0.70671499
0.74988395
0.84158266
0.79985553
0.70794642
0.89819771
0.74988395
1.01868165
0.88797671
0.80450273
0.89482629
0.89266652
0.88797671
0.84949547
0.77329373
0.82461858
0.81693912
0.80035508
0.82755762
0.77329373
0.79187620
0.83363301
0.83252573
0.86054784
0.80983186
0.83363301
0.82882822
0.75982136
0.89466637
0.93064553
0.96145093
0.89437830
0.89466637
0.78413194
0.80384010
0.79945391
0.84619272
0.75439107
0.90484762
0.80384010
0.92998230
0.90739036
0.92709690
0.87035632
0.87817514
0.90739036
0.83431101
0.80454868
0.86182654
0.98844552
0.83939564
0.76130706
0.80454868
0.92740148
0.82258630
0.84892225
0.90092903
0.86545879
0.82258630
0.91144484
0.95969570
0.82251740
0.91117370
0.93149275
0.87840712
0.82251740
0.87198985
0.96069300
0.90357071
0.93111306
0.87546748
0.89581418
0.96069300
0.93295324
0.96268660
0.97627598
0.99503833
0.91821015
0.96268660
0.99109471
1.03369749
1.04301465
0.90527070
1.01948321
1.07567203
0.96303082
1.03369749
0.94711840
0.95666003
0.95411932
0.98731565
0.95632184
0.95666003
0.84517032
0.87208366
0.89779627
0.86187190
0.85239255
0.84951341
0.89779627
0.89833283
0.94992596
0.87392914
0.86062396
0.91509849
0.95969570
0.94992596
0.86324656
0.84791553
0.78563261
0.69306874
0.78744406
0.84791553
0.78451359
0.88443792
0.85485625
0.82845777
0.88678908
0.77298200
0.88443792
0.87877572
0.78900570
0.84397829
0.72644234
0.78922200
0.78900570
0.78088832
0.85003495
0.78930646
0.72864854
0.80498868
0.68658674
0.78930646
0.59811223
0.64975488
0.57372814
0.57687569
0.53737909
0.87720746
0.64975488
0.42544433
0.60912365
0.73475432
0.67209572
0.36339524
0.60912365
0.47805026
0.62541449
0.61790121
0.85355198
0.70275050
0.64286798
0.62541449
0.67469609
0.70656168
0.69116122
0.73361975
0.74594170
0.70656168
0.69104928
0.86167949
0.84855098
0.68028432
0.73040658
0.67286086
0.84855098
0.63067484
0.76713526
0.49402314
0.69842672
0.66822779
0.85003495
0.76713526
0.76431859
0.81694210
0.77972925
0.85378826
0.89417118
0.81694210
0.70905739
0.84156191
0.66811723
0.69619298
0.82885540
0.76246977
0.84156191
0.62453687
0.72307342
0.70678222
0.78434050
0.79016626
0.72307342
0.73641491
0.86815792
0.85424888
0.87433720
0.83831668
0.82845789
0.77368796
0.87433720
0.85429716
0.90187365
0.80289888
0.87927282
0.85624641
0.84817111
0.90187365
0.86153364
0.90531009
0.80760330
0.91746050
0.77181625
0.90531009
0.68275928
0.59206676
0.35069448
0.82645953
0.64516401
0.70507014
0.59206676
0.28988841
0.69007814
0.09478059
0.48574683
0.52278817
0.69007814
0.67072409
0.78719485
0.40772814
0.20760934
0.57174754
0.68319106
0.40772814
0.74080414
0.85618782
0.62721926
0.78591561
0.76441032
0.85424888
0.85618782
0.43320015
0.04891336
0.29028752
0.15768324
0.13002105
0.04891336
0.56510508
0.62186825
0.67112041
0.92960751
0.48496583
0.33114779
0.62186825
0.14565735
0.22250541
0.35270348
0.05011003
0.10001092
0.22250541
0.02285565
1.02704370
0.00688199
0.02607896
0.04478393
0.14984635
0.00688199
0.78686476
0.83896494
0.77991670
0.72090185
0.73714626
0.93833339
0.83896494
0.76438844
0.67469013
0.77779639
0.77774882
0.53909039
0.67469013
0.70890492
0.86555064
0.78529179
1.02353716
0.79177433
0.83636969
0.86555064
0.76138151
0.72344661
0.72097588
0.67689985
0.70526487
0.72344661
0.78579324
0.98467410
0.76393694
0.71666205
0.71458501
0.59445608
0.76393694
0.76440501
0.81312656
0.73036772
0.73058742
0.66012251
0.86041003
1.02704370
0.81312656
1.05492759
0.97188485
0.95361817
0.99485743
0.94055605
0.97188485
0.94868529
0.87694371
0.88184673
0.88452661
0.91700029
0.84021950
0.87694371
0.98637813
0.97624052
0.89947015
0.90038168
0.91559851
0.97624052
0.96553707
0.90786660
0.97825694
0.97970051
0.94428760
0.81802535
0.97825694
0.82632262
0.88225091
0.86355394
0.84524691
0.78119630
0.98475945
0.88225091
0.71750993
0.82962596
0.82236540
0.79000413
0.62363005
0.82962596
0.89265752
0.84035420
0.81284207
0.96711248
0.84636033
0.76377213
0.84035420
0.92584854
0.83123648
0.85193235
0.81778002
0.90458298
0.83123648
0.92041487
0.92061907
0.88985807
0.90991241
0.92439806
0.87061071
0.88985807
0.64881325
0.69150287
0.66366863
0.72835749
0.73978144
0.90786660
0.69150287
0.65112424
0.62182724
0.31907353
0.59468263
0.51797152
0.62182724
0.71430010
0.53779888
0.57556432
0.90920073
0.68480831
0.64000350
0.53779888
0.57746053
0.79762900
0.75714791
0.76930624
0.67094356
0.79762900
0.74463814
0.89676195
0.71573669
0.73018229
0.72868448
0.79154193
0.71573669
0.76976776
0.82355076
0.74573308
0.83789366
0.72252864
0.91570520
0.82355076
0.88330805
0.84666032
0.85073745
0.88676703
0.81826603
0.84666032
0.69608968
0.77514410
0.69515741
0.79575062
0.81325054
0.64357215
0.63127005
0.77514410
0.80606431
0.86304939
0.84252250
0.77930915
0.70557636
0.86304939
0.60502076
0.92902303
0.55192047
0.71748030
0.62660718
0.63786405
0.55192047
0.30727887
0.53991431
0.10905053
0.47933280
0.43567967
0.89676195
0.53991431
0.59906381
0.65677452
0.49025941
0.62408537
0.65806556
0.65677452
0.78935456
0.77492827
0.75981039
0.84062672
0.74723625
0.81823164
0.77492827
0.74393851
0.58737087
0.60019135
0.67788726
0.48182505
0.58737087
0.78733104
0.84009463
0.83551174
0.78134948
0.86348665
0.78798628
0.83551174
0.84886736
0.84512961
0.75916535
0.80611187
0.77832389
0.90353972
0.84512961
0.82950896
0.85125619
0.79404891
0.79271764
0.80260140
0.85125619
0.91086650
0.80400288
0.84555525
0.91795522
0.86185062
0.87060487
0.80400288
0.81663644
0.74797857
0.73036373
0.78292996
0.80571544
0.74797857
0.94286597
0.87743580
1.02927804
0.92360675
0.96832234
1.03155708
1.02927804
0.93012685
0.90301794
1.03809905
0.94855350
0.91208845
0.84009463
0.90301794
0.94709611
0.95267320
0.93954235
0.91403943
0.96946037
0.95267320
0.94128811
0.97964609
1.01202571
0.89242756
1.04004991
0.94057345
0.97964609
0.98242474
1.04135537
1.06347442
0.96602547
0.97306716
1.04135537
0.92600662
0.93393886
0.85281569
0.93981451
1.00702024
1.06089282
0.99411070
1.00896502
1.00702024
0.86563969
0.88538057
0.95279807
0.91465098
0.99143076
0.90233529
0.88538057
1.00219154
1.00427687
1.06971693
0.98162317
0.94144976
1.00427687
0.89510763
0.99867105
1.00148106
0.96157509
1.11323595
0.98342419
0.99867105
0.92616808
0.96734887
0.98374802
1.13561881
0.95601475
0.96734887
1.05045497
0.87932897
0.95140582
1.00475883
0.98980051
1.03989959
0.95140582
0.85894030
1.03187037
0.90549433
0.91908312
0.94387561
0.93981451
1.03187037
0.90759879
0.93129891
0.94557786
0.92055666
0.87726784
0.93129891
0.66695750
0.66132867
0.69003612
0.80479765
0.57161856
0.61014128
0.66132867
0.76021332
0.76465577
0.68509024
0.73095822
0.65552503
0.76465577
0.74616677
0.74516070
0.75986207
0.73493445
0.76880503
0.71001494
0.75986207
0.64105803
0.74324930
0.38369817
0.58298498
0.75197136
0.77908176
0.74324930
0.61582017
0.76133126
0.66941208
0.71486497
0.67658883
0.76133126
0.64476323
0.82976961
0.79164469
0.84446681
0.75787503
0.70946234
0.82976961
0.68650496
0.75140893
0.79253948
0.79685974
0.74970168
0.75140893
0.74523747
0.67406785
0.73622549
0.76853079
0.68618077
0.66376740
0.73622549
0.80507082
0.77758133
0.81821978
0.82482779
0.88286555
0.83607620
0.74516070
0.77758133
0.75712073
0.83887959
0.83147168
0.83981878
0.84334278
0.83887959
0.83112556
0.89931554
0.84177136
0.89457744
0.87786478
0.86311090
0.89931554
0.92080772
0.89693010
0.95407498
0.96228898
0.94802189
0.89693010
0.87709594
0.98053950
0.92567182
0.90991247
0.93368727
0.82975858
0.92567182
0.75723797
0.89653599
0.89237356
0.87151331
0.87564284
0.90211844
0.89653599
0.87738347
0.87284225
0.84182465
0.88864601
0.80731368
0.87284225
0.91269755
1.00799119
0.97225308
0.97559798
0.91337520
0.94282591
1.00799119
0.87273103
0.92233229
0.82759368
0.91891491
0.92133051
0.92233229
0.87001806
0.96477550
0.93081057
0.86399943
0.91778046
0.79252744
0.93081057
0.62202311
0.84165722
0.68703669
0.63958645
0.71179247
0.98053950
0.84165722
0.70283461
0.75609273
0.76360703
0.69321257
0.74340928
0.75609273
0.70324624
0.69676298
0.67224634
0.90585101
0.62966537
0.53856397
0.69676298
0.46681038
0.65129185
0.63933682
0.78202277
0.72402358
0.65129185
0.73366058
0.78819954
0.66920835
0.75807631
0.83003926
0.73317921
0.66920835
0.69928187
0.75688660
0.70457464
0.70550108
0.75578779
0.94393724
0.75688660
0.69473296
0.58881849
0.29476300
0.55905211
0.68910140
0.58881849
0.46823567
0.53495574
0.47266197
0.91139340
0.90146184
0.54290533
0.44191813
0.53495574
0.18339233
0.60249281
0.14551038
0.70497203
0.04432920
0.60249281
0.70349365
0.83286136
0.71651876
0.57066149
0.63497990
0.73279828
0.71651876
0.75384253
0.78737044
0.77760214
0.69490498
0.60725898
0.78819954
0.78737044
0.69595248
0.75830674
0.65238404
0.60368800
0.49932802
0.75830674
0.78327417
0.79276145
0.79328203
0.73229235
0.81749117
0.82088703
0.79276145
0.79835045
0.74325258
0.83103728
0.78466439
0.44013935
0.74325258
0.87089717
0.76902330
0.81915712
0.83522248
0.80284375
0.72676134
0.81915712
0.51192224
0.72258890
0.61834955
0.67154044
0.56873333
0.70989156
0.72258890
0.81441897
0.65989488
0.70999599
0.78777564
0.71315217
0.65989488
0.79006255
0.85134590
0.91649729
0.70138812
0.87277865
0.81812799
0.85134590
0.84347200
0.85167325
0.82202661
0.90204877
0.79580832
0.85167325
0.92980301
0.83657938
0.97636795
0.93243492
0.98265541
0.92449158
0.97636795
0.85488188
0.87304533
0.90118223
0.92212272
0.95007181
0.76902330
0.87304533
0.81807661
0.88171196
0.90220541
0.89772302
0.86787206
0.88171196
1.10175085
1.11035109
1.03667367
0.51981533
1.08474052
1.04546475
1.11035109
0.90791559
0.97874242
0.93296760
0.96915215
0.88503110
0.97874242
0.95035696
0.92361164
0.38380548
0.98953521
0.94155866
1.00033116
0.93064678
0.98953521
0.87168670
0.88347983
0.90832675
0.84502089
0.83402932
0.26218733
0.88347983
0.67835200
0.78927398
0.77478880
0.77378070
0.81038857
0.78927398
0.72445369
0.74763620
0.79326242
0.44965842
0.71043551
0.74945283
0.74763620
0.50668478
0.17593534
0.52664435
0.28679436
0.07026032
0.17593534
0.69841969
0.37757796
0.67804384
0.55990624
0.63611424
0.46454939
0.67804384
0.64351642
0.66878897
0.71820903
0.61958390
0.71098441
0.38380548
0.66878897
0.44826573
0.55358362
0.74881202
0.66577488
0.30433786
0.55358362
0.55256540
0.54164094
0.36125490
0.75688922
0.57044601
0.03785725
0.54164094
0.42745629
0.43277246
0.62608081
0.42283124
0.03476467
0.43277246
0.67362905
0.60813397
0.69810104
0.40232229
0.62056220
0.69867373
0.69810104
0.69365180
0.60829955
0.80044246
0.82777929
0.68231791
0.68990582
0.60829955
0.76706481
0.78089452
0.79068255
0.79916084
0.70749676
0.78089452
0.71453619
0.84215498
0.68895364
0.47124726
0.79672801
0.71663749
0.84215498
0.64784354
0.78257543
0.77997255
0.82543188
0.67436820
0.78257543
0.72130698
0.49597725
0.80636793
0.79206204
0.76362258
0.79819286
0.80636793
0.73742706
0.64315647
0.63735521
0.66605330
0.15292153
0.85281569
0.60813397
0.64315647
0.59254205
0.71807617
0.63998264
0.77234650
0.71848780
0.71807617
0.87214005
0.90503329
0.81717372
0.73011643
0.80786914
0.75663829
0.90503329
0.78148413
0.84397376
0.80743086
0.83073229
0.74788398
0.84397376
0.81108469
0.77736336
0.76433313
0.64491761
0.77078557
0.63697654
0.76433313
0.85215819
0.84362555
0.84718949
0.85387397
0.78522325
0.84182405
0.84362555
0.78939521
0.63566905
0.51460516
0.58483362
0.83843225
0.63566905
0.66444254
0.77822161
0.79338658
0.55883747
0.76704907
0.74342197
0.77822161
0.86169195
0.87457895
0.90564334
0.94170165
0.85334253
0.87457895
0.80135608
0.83345979
0.83817875
0.79456574
0.75761026
0.72194034
0.83817875
0.81320739
0.84735030
0.81824791
0.80274343
0.81241357
0.77736336
0.84735030
0.78279263
0.73808593
0.81274891
0.72289646
0.68731767
0.73808593
0.90872192
0.82104737
0.86034805
0.66905993
0.79445148
0.85295308
0.82104737
0.80554068
0.83049667
0.77899969
0.81958258
0.85004550
0.83049667
0.81233037
0.85856390
0.78204578
0.69509709
0.72397751
0.79251647
0.78204578
0.88848829
0.85565627
0.79367405
0.85307425
0.78663713
0.80892879
0.85565627
0.80280709
0.88209081
0.87262869
0.86344457
0.74463159
0.88209081
0.80125886
0.81733942
0.88136613
0.79757994
0.75820988
0.74572486
0.72641087
0.81733942
0.90070969
0.84186167
0.84440494
0.84440041
0.94940358
0.84186167
0.92051119
0.70559806
0.90004301
0.93605494
0.92980647
0.89699829
0.90004301
1.00148654
1.05388772
1.01638520
1.05280888
1.08241987
0.85856390
1.05388772
0.94751632
1.07755864
0.92498720
1.03745723
1.04780757
1.07755864
0.99252403
0.98203301
0.99145031
0.72114903
1.06025350
1.06393909
0.98203301
0.98206341
0.96598721
0.95482248
0.94646746
0.98748255
0.96598721
1.04218328
0.75192368
1.13761306
1.01469600
0.95215654
0.96431142
1.13761306
0.87318057
0.90537316
0.89751506
0.86342436
0.83006984
0.70933175
0.90537316
0.81205213
0.85801709
0.78258520
0.75087035
0.71074110
0.85801709
0.67048526
0.71137494
0.70739943
0.84228212
0.70417839
0.69091165
0.71137494
0.65484738
0.64271832
0.67951739
0.63459694
0.71757054
0.64271832
0.45693511
0.74656099
0.24513392
0.62500858
0.79716212
0.42626143
0.24513392
0.77306968
0.82847977
0.74611491
0.86909580
0.82361805
0.75192368
0.82847977
0.68562728
0.62242806
0.60119992
0.68695623
0.71144515
0.62242806
0.66850722
0.73503220
0.49744457
0.68487316
0.54339468
0.48530319
0.73503220
0.45622554
0.53538477
0.35374427
0.05717659
0.36902621
0.53538477
0.65561789
0.88637006
0.61058962
0.68988562
0.57875872
0.55097109
0.67976993
0.68988562
0.72733265
0.71984053
0.72333360
0.66019166
0.75515366
0.69213516
0.71984053
0.79854923
0.77758956
0.76044220
0.71799445
0.76483631
0.77758956
0.79244113
0.84625161
0.86094385
0.74243456
0.82866561
0.81136811
0.84625161
0.84127796
0.82614142
0.84215581
0.85903466
0.63445926
0.82614142
0.81119531
0.73724705
0.95947164
0.90357232
0.86184573
0.88449728
0.95947164
0.93970966
0.93939263
0.91732514
0.91314471
0.96198320
0.61058962
0.93939263
0.92116630
1.13422680
1.04273534
0.99301016
1.12083399
1.13422680
0.95865250
0.93393230
0.91609782
0.43941355
0.92845899
0.95701402
0.93393230
0.77396667
0.78881800
0.73583829
0.78945822
0.74838185
0.78881800
0.86743367
0.47713158
0.87022853
0.86709404
0.84785908
0.88602912
0.87022853
0.96096843
0.84081471
0.99274951
1.01679623
0.92342710
0.21519504
0.84081471
0.94130254
0.93305254
0.82782167
0.95546967
0.92667949
0.93305254
0.96843100
0.93576252
0.93192768
0.46271133
0.91228896
0.91819489
0.93576252
1.05268049
0.97273040
0.92840952
0.92446959
1.04585314
0.97273040
0.95119524
0.35785219
0.87287509
0.90839022
0.87722510
0.94093883
0.87287509
0.89788717
0.90059543
0.89125198
0.91507721
0.92501003
0.85309112
0.47713158
0.90059543
0.92629671
0.90898281
0.89884752
0.95100039
0.98781252
0.90898281
0.92442453
0.96883845
0.88415539
0.39235455
0.92260939
0.87331694
0.96883845
0.87809777
0.88131273
0.84706998
0.85044044
0.89099574
0.88131273
0.89396298
0.23260276
0.92855459
0.87815499
0.93551511
0.91986966
0.92855459
1.03916180
0.96658921
0.93919313
1.02386236
0.93621969
0.20325118
0.96658921
0.99965012
0.87202030
0.93937743
0.93604881
0.96676874
0.87202030
1.01607931
0.96846318
0.92724907
0.12095059
1.11502790
0.98582101
0.96846318
0.99944627
1.03131628
0.91461658
0.89367795
0.95598501
1.03131628
0.94269681
0.16223331
0.96173412
0.98827493
0.93810713
0.97171831
0.96173412
0.78373075
0.72063226
0.81928009
0.75695401
0.78985590
0.23260276
0.72063226
0.71946418
0.76997167
0.78303301
0.63680726
0.78082609
0.76997167
0.89554036
0.88911629
0.75503254
0.73495102
0.85875416
0.84829783
0.88911629
0.49039790
0.67897117
0.57803291
0.58671308
0.75015283
0.67897117
0.81513906
0.71015114
0.71788698
0.72339720
0.87934363
0.76540262
0.71788698
0.70633435
0.70363063
0.73364067
0.79957658
0.69704521
0.71467173
0.70363063
0.74011487
0.76679575
0.79069722
0.82486951
0.72639495
0.76679575
0.42022061
0.75840801
0.61847723
0.87861693
0.74100900
0.42437756
0.39187312
0.75840801
0.43177769
0.77750385
0.58081305
0.55770171
0.47859097
0.77750385
0.58464730
0.70359981
0.44498858
0.24654427
0.17310041
0.63566619
0.44498858
0.43810764
0.63937885
0.13584746
0.71802044
0.09306182
0.71015114
0.63937885
0.35507703
0.79516232
0.37647271
0.72158384
0.47209093
0.79516232
0.57377851
0.69675529
0.76634645
0.74358070
0.78305250
0.67416966
0.69675529
0.74435687
0.63035113
0.74174213
0.74077213
0.74790311
0.63035113
0.76460552
0.80195552
0.84941274
0.73674929
0.77616149
0.84801769
0.84941274
0.90125823
0.88031125
0.77910715
0.89563781
0.93050700
0.72571027
0.88031125
0.96903980
0.88367474
0.97117275
0.90766728
0.99488091
0.88367474
0.88526410
0.88514519
0.91769701
0.75325161
0.89695692
0.91489929
0.88514519
0.97967577
0.99444425
1.01440775
0.93436557
0.99006975
0.99444425
0.99194920
0.70522076
0.98227608
0.94005811
0.92462963
1.01604295
0.98227608
0.82141626
0.89851213
0.91992331
0.91661155
0.93156004
0.80195552
0.89851213
0.94148350
0.83187890
0.80695635
0.82719576
0.68043041
0.83187890
0.96537828
0.98017174
0.97594273
0.76174790
0.95908988
0.89675301
0.98017174
0.95319366
0.97548735
0.87501949
0.91745430
0.94713855
0.97548735
0.95690906
0.79633486
0.67699105
0.88097602
0.90795135
0.91361362
0.96049029
0.88097602
0.89897597
0.93465006
0.92489409
0.87193477
0.97165179
0.77851784
0.93465006
0.88438791
0.95902926
0.87391186
0.89674437
0.98346603
0.95902926
0.93167478
0.91457349
0.99917781
0.71208531
0.92610955
0.88532984
0.91457349
0.89088041
0.81298375
0.84613782
0.91536391
0.91302335
0.81298375
0.89656651
0.79179060
0.88025528
0.99195403
0.90942156
0.90669131
0.88025528
0.97722787
0.93093812
0.97436881
0.99173272
0.90578532
0.67699105
0.93093812
0.93852526
1.00665033
0.86081171
0.98246396
0.88907379
1.00665033
0.77546817
0.72458023
0.72120219
0.78831607
0.81074250
0.63149583
0.72458023
0.92818075
0.81778181
0.79232478
0.79161572
0.86956608
0.81778181
0.92022884
0.80597740
0.90725744
0.89271128
0.78399974
0.90686387
0.90725744
0.74339420
0.83805555
0.80902576
0.78381932
0.87343794
0.78763604
0.83805555
0.84929502
0.88248086
0.80365431
0.86508071
0.76123679
0.88248086
0.83345133
0.76242924
0.76387727
0.82215840
0.78530884
0.67419165
0.76242924
0.70365065
0.84388655
0.78849208
0.81172353
0.71703392
0.84388655
0.77843446
0.78720605
0.66430438
0.64018005
0.72925991
0.60017985
0.66430438
0.77446544
0.90841246
0.86476326
0.79030007
0.85384238
0.87734413
0.88637006
0.80597740
0.90841246
0.66081643
0.57876503
0.64728385
0.59294683
0.37676039
0.57876503
0.82382643
0.82314509
0.85354459
0.37720251
0.67086148
0.76540297
0.82314509
0.87531215
0.95351505
0.91646123
0.90930641
0.80773103
0.95351505
0.91514695
0.38179296
0.96491671
0.91923749
0.94738990
0.88404477
0.96491671
0.89932752
0.86052865
0.97299433
0.86222327
0.84430933
0.29474089
0.86052865
0.81256461
0.83704948
0.85730374
0.81076425
0.82152963
0.83704948
0.72768098
0.82580459
0.70921701
0.44539145
0.78781670
0.67542702
0.82580459
0.53944236
0.69954193
0.65154874
0.71617562
0.55339420
0.69954193
0.78802717
0.58168757
0.82309818
0.70898181
0.82420576
0.79388672
0.82309818
0.79564583
0.81469458
0.85719407
0.81521523
0.87347722
0.38179296
0.81469458
0.56353205
0.55353487
0.57520837
0.82296169
0.58196044
0.55353487
0.70896232
0.74064660
0.73499346
0.49196824
0.85355872
0.70308989
0.74064660
0.85164475
0.81358469
0.70111895
0.82906866
0.84923464
0.81358469
0.78555292
0.54288143
0.82610208
0.83159781
0.72508323
0.77490991
0.82610208
0.67664278
0.52328008
0.38329014
0.32035244
0.72985506
0.62715256
0.52328008
0.81764543
0.72079217
0.66869479
0.72595280
0.70906425
0.72079217
0.75968409
0.75678229
0.67875612
0.77748811
0.49979144
0.61631298
0.79972231
0.75678229
0.67502856
0.71531713
0.75502872
0.75856400
0.71636492
0.71531713
0.43650600
0.56783175
0.62756079
0.64505076
0.63030082
0.57231820
0.62756079
0.59071213
0.66383457
0.67492670
0.73026913
0.64204741
0.54288143
0.66383457
0.56890965
0.44297880
0.60777825
0.65628338
0.27981994
0.44297880
0.81264710
0.81427640
0.74588811
0.67603815
0.64061719
0.72934419
0.81427640
0.73581839
0.81718940
0.67193729
0.80733347
0.79082930
0.81718940
0.82062852
0.71571761
0.84427887
0.71010095
0.67514247
0.77883816
0.84427887
0.87313575
0.86978269
0.81166780
0.82784474
0.71097785
0.74124038
0.86978269
0.85009599
0.83386892
0.82223690
0.79375350
0.72672397
0.83386892
0.35753027
0.55452281
0.34163728
0.75554639
0.32332528
0.49511698
0.55452281
0.50087404
0.60035527
0.58008832
0.66123635
0.44442183
0.60035527
0.66511524
0.75526303
0.74140602
0.70009232
0.74549389
0.74764985
0.74140602
0.71524668
0.69471085
0.71556526
0.77135152
0.66218936
0.71571761
0.69471085
0.62120855
0.76544785
0.66455168
0.71948695
0.64426869
0.76544785
0.60492820
0.66921061
0.70534354
0.74169183
0.58716369
0.75125200
0.66921061
0.70104462
0.84812188
0.81329626
0.79648805
0.75068539
0.84812188
0.83943093
0.81067997
0.56624073
0.86339897
0.90240896
0.87983465
0.80411804
0.86339897
0.96177411
0.81799263
0.85172141
0.87021214
0.88069773
0.58292997
0.81799263
0.83328819
0.89925653
0.92076761
0.95551109
0.79703987
0.89925653
0.85325342
0.86801374
0.87573779
0.69812745
0.86182648
0.82147211
0.86801374
0.90281749
0.91052657
0.89658296
0.90002525
0.85669029
0.91052657
0.87652951
0.40730065
0.89206922
0.89096123
0.84357852
0.96199548
0.89206922
0.84365749
0.81320953
0.81613034
0.76698428
0.92763728
0.56624073
0.91444176
0.93204987
0.67382789
0.83429885
0.90675801
0.79211426
0.82200408
0.76014829
0.73560077
0.82158977
0.52465081
0.82151723
0.82312071
0.76872206
0.70802087
0.67172939
0.67878354
0.51961416
0.73982412
0.67811817
0.68757182
0.64464921
0.64084160
0.63200927
0.65117747
0.44991189
0.43640852
0.70072556
0.80313015
0.82449490
0.78646326
0.77042234
0.56996113
0.71033764
0.75775969
0.74450809
0.82715654
0.81409729
0.68293792
0.75589007
0.81589013
0.80760056
0.77357006
0.73396760
0.80632889
0.78590947
0.86833668
0.87131828
0.82093835
0.75063413
0.81223965
0.90367407
0.96152526
0.99404299
0.33741525
0.98899269
0.86102319
0.87013280
0.91852564
0.95556980
0.94560450
0.94818610
0.96309179
0.93742371
0.96298003
0.69492894
0.64464921
0.97242028
1.01534390
0.87491488
0.88187486
0.87259293
0.88286394
0.99858749
1.01967835
0.96239972
0.98085451
0.71620798
1.00119531
1.01564467
0.94286013
0.93030560
0.96915662
0.91455877
0.80085206
0.68031234
0.83120745
0.78039682
0.74742907
0.76068461
0.74895322
0.57235342
0.72361606
0.76021761
0.80246389
0.84238207
0.84208131
0.84018248
0.75296044
0.55216539
0.74680817
0.79970133
0.83527088
0.70395952
0.69713736
0.79120016
0.66123915
0.68249667
0.82264626
0.77964324
0.73384106
0.78677982
0.87807083
0.79229730
0.83651161
0.89621699
0.93390942
0.87937707
0.96422219
0.86832362
0.86498928
0.49094439
0.91852427
0.90359271
0.92044288
0.78307807
0.86947608
0.87727988
0.85891002
0.89342558
0.87213123
0.87450999
0.74742907
0.88224834
0.89251947
0.88238126
0.87851101
0.89901459
0.90507287
1.02416110
0.98529166
1.02891409
1.01965630
0.62135035
1.06472898
1.05134594
0.92175382
0.81828403
0.91132402
0.91680157
0.97908622
0.98575300
0.93403709
0.90391177
0.58028972
0.95523012
0.87070620
0.87840468
0.89805400
0.99678338
0.98722959
0.96095884
0.96212530
0.86656928
0.87053263
0.56684756
0.88403094
0.91840649
0.88868761
0.89183807
1.02723932
1.00322294
0.98980725
0.92107773
0.91622537
0.94119650
0.75005627
0.52181804
1.01856577
0.91433632
0.87965316
0.90415436
1.06204677
1.02162552
0.99780822
1.01895893
0.98355258
0.96049994
0.69301111
0.98430794
0.83049703
0.88129699
0.86516267
1.02947605
1.02745903
1.02813494
0.96001530
0.97748756
0.94451046
0.58028972
0.99224204
0.88583595
0.90900749
0.99203533
1.00381482
1.02675366
1.04763854
0.97970527
0.98300314
1.02398705
0.83482969
0.97504199
0.83863246
0.91969502
0.92308259
0.92515159
0.96272290
1.00596571
1.06691229
1.02507484
0.93922156
0.86956775
0.89757490
0.87177229
0.85798949
0.94925457
0.88812578
0.98223025
0.96142793
0.95433718
0.95515484
0.93368697
0.86226445
0.90951633
0.87638193
0.84955263
0.97834170
1.01848173
0.94729137
0.97393084
0.97313738
0.92520744
0.91329110
0.87739116
0.83320606
0.88161457
0.91145670
0.98222411
0.99857092
0.97077924
1.01107717
0.92503774
0.89317334
0.90357119
0.91958463
0.93356973
0.87225372
0.85784513
0.95109326
0.97111207
0.97898382
0.95112354
0.89710760
0.87321234
0.88349378
0.86956775
0.89757049
0.85558623
0.78323358
0.87594855
0.87519395
0.90034318
0.85063344
0.89343745
0.86452645
0.93289459
0.76765907
0.91531569
0.89826512
0.90080404
0.86933577
0.91255134
0.93894899
0.83221114
0.88050604
0.85610068
0.84015012
0.67246240
0.70236725
0.78795457
0.80754411
0.75750506
0.78133380
0.83226907
0.73438221
0.62142742
0.63962966
0.62773848
0.63183385
0.80612016
0.54472041
0.39617246
0.51841664
0.42779759
0.51117086
0.54023761
0.50408173
0.65365237
0.57654655
0.72786570
0.79708630
0.43080616
0.05152362
0.17576867
0.76306397
0.78407454
0.82135302
0.75809413
0.68481034
0.64945304
0.61651969
0.79255176
0.62433803
0.62134498
0.59826702
0.54252982
0.68511558
0.66854203
0.72572535
0.72293001
0.70302761
0.72301841
0.70236725
0.53694284
0.46275806
0.69067079
0.81409740
0.82017976
0.78457433
0.74931574
0.67921913
0.70926344
0.72414577
0.98339558
0.71262211
0.78505707
0.77031922
0.74123734
0.72885931
0.68932039
0.71043706
0.24828257
0.59957498
0.54816276
0.90000021
0.54635960
0.69299746
0.66869730
0.71575749
0.60568666
0.43503711
0.44389874
0.60810286
0.54850870
0.58090240
0.96729171
0.81625688
0.67171365
0.77720797
0.74220634
0.75813633
0.78788888
0.78222543
0.83187008
0.77933872
0.83228898
1.06975007
0.66418481
0.78712273
0.82736045
0.81982493
0.84576756
0.81981981
0.82803023
0.84511596
0.82517958
0.83341241
0.93419051
0.77345836
0.75623333
0.75974131
0.84908760
0.86365169
0.90950525
0.95533526
0.96374118
0.88474846
0.92803192
0.81067997
0.90000021
0.82823807
0.79430234
0.87454671
0.85034609
0.90421927
0.77988702
0.67368835
0.81294775
0.85555351
0.84334755
0.81247091
0.76866585
0.67999607
0.79710138
0.81737924
0.74590594
0.81893259
0.76078176
0.84287310
0.79746377
0.71989608
0.77523279
0.73515314
0.77045643
0.80926293
0.86718994
0.89234006
0.82840097
0.78804439
0.82011920
0.82296365
0.83994108
0.82268012
0.82802522
0.82601202
0.88695961
0.93295527
0.97070348
0.94365871
0.96118844
0.92515916
0.89497674
0.86174929
0.87532854
0.86505604
0.85706198
0.88237536
0.97961098
0.98489511
1.00650537
1.00396085
1.03280950
0.99457133
0.95671946
0.74028772
0.85340017
0.89468706
0.90296137
0.97907418
0.97903085
0.96333605
1.00049186
0.99075025
0.96513247
0.92818630
0.77523279
0.86578810
0.85785747
0.86103272
1.00974298
0.99998474
0.92559421
0.96621323
0.88525498
0.87553805
0.91008878
0.80999142
0.93314534
0.94215828
1.00497973
0.92794031
0.92441392
0.95397007
0.93083876
0.88969356
0.92253017
0.91143388
0.91184115
0.85205460
0.91329807
0.88300204
1.03843939
0.99732685
1.05504847
0.94504589
0.93628550
0.86667407
0.89534128
0.78596401
0.84439999
0.85915840
0.92176509
1.01094019
0.90824163
0.82726192
0.81278378
0.82446009
0.75619262
0.79444742
0.61940628
0.86190420
0.93542552
0.93035614
0.91151977
0.85085410
0.84330928
0.81493711
0.88823986
0.77193755
0.79388899
0.70630085
0.81264251
0.74223131
0.79836845
0.87255973
0.89810139
0.90494370
0.80425596
0.86405551
0.86596555
0.87844902
0.88274992
0.91184115
0.92842919
0.82619905
0.91550350
1.00397491
0.94294631
0.98354030
0.97663558
0.93237382
0.94748431
0.89126968
0.95129085
0.84448564
0.81167126
0.83970040
0.89421141
0.92160904
0.96029419
0.82533765
0.81622952
0.88363659
0.90044516
0.90021884
0.85956573
0.75230509
0.64972627
0.57546759
0.54177272
0.27568197
0.65551209
0.73109877
0.56987274
0.61627769
0.89659959
0.73892760
0.69340688
0.73443115
0.71848249
0.65251797
0.75879914
0.58894014
0.49151754
0.47423193
0.17890206
0.88046563
0.26909900
0.56236643
0.54416019
0.32475486
0.16405885
0.22408970
0.53685004
0.50612968
0.63170832
0.64542186
0.89473569
0.66640347
0.57796717
0.57300735
0.62495178
0.54229134
0.68140841
0.74264818
0.61847031
0.69387555
0.62346470
0.90021884
0.65692043
0.62422007
0.57667118
0.65502191
0.45201099
0.65398586
0.59673357
0.50928807
0.34737897
0.29528308
0.74559796
0.29282480
0.38885477
0.54007661
0.43800879
0.23187679
0.28201622
0.43548593
0.03072575
0.15230452
0.39022928
0.82791567
0.71950334
0.10942032
0.00704118
0.02007907
0.09880307
0.03300805
0.00958162
0.03569610
0.00994575
0.03798234
0.03600110
0.83974236
0.02286202
0.23338082
0.46707901
0.70734417
0.60686624
0.77713066
0.69138700
0.58399677
0.53703183
0.47485903
0.77318525
0.67517388
0.61939061
0.76358521
0.65352142
0.59037256
0.54072332
0.63466311
0.65975475
0.55075479
0.55204511
0.84412801
0.56585556
0.76590639
0.82248783
0.84781688
0.68052578
0.67587626
0.62294239
0.62876648
0.68684494
0.64778787
0.71950334
0.52038360
0.40332326
0.45309758
0.76213402
0.87553096
0.81617850
0.89180928
0.89756155
0.87211603
0.89851183
0.83838403
0.97265923
0.86010212
0.86444545
0.88005722
0.88067096
0.75238103
0.82558340
0.80694801
0.79404277
0.83057153
0.88231707
0.82397336
0.81995165
0.86979431
0.71537822
0.74071288
0.89042753
0.83976603
0.76762462
0.90582860
0.91323555
0.86529571
0.86373347
0.78145301
0.83274078
0.82061338
0.83326381
0.84339494
0.82647771
0.87074178
0.78014636
0.81188941
0.83838713
0.82304335
0.78126341
0.80551261
0.82028311
0.85274637
0.78753728
0.85645145
0.90028822
0.89905804
0.89779204
0.89043742
0.88623297
0.95897537
0.97967982
0.90545857
0.85620022
0.87382078
0.86972642
0.85699093
0.95108175
0.90844464
0.60584086
0.88231707
0.89644718
0.88184381
0.91570544
0.83287603
0.80022234
0.82239276
0.96554863
0.97275531
1.02217400
0.99266911
0.68584216
0.99065471
0.94151747
0.96425134
0.84602660
0.81091130
0.83517838
0.99065214
1.01132751
0.97278327
0.94808990
0.77529597
0.92759109
0.87556881
0.92868781
0.83372694
0.80309677
0.87805867
0.98475021
0.99180722
0.99522406
0.92565465
0.72672409
0.95630330
0.96631783
0.95543891
0.94484597
0.92678761
0.87411028
1.00201237
1.02380252
1.01068366
0.98237276
0.75727981
0.92047703
0.85167921
0.90610772
0.95403790
0.94594193
1.04332781
1.05416358
0.98396409
0.93492454
0.86726511
0.57617569
1.00422657
1.00757217
1.01422548
0.95960915
0.98876894
0.96432042
0.99086893
0.94889975
0.92795181
0.85764968
0.77529597
1.02934134
1.03089166
0.97249448
0.96665657
0.95424879
0.98000443
0.99757284
0.88249832
0.93409723
0.91017866
0.81166387
1.08396995
1.07904923
0.98870361
0.91684210
0.94187003
0.90726972
0.91641963
0.92842841
0.97543526
1.00531828
0.80929208
1.02011156
0.87450790
0.91761976
0.99083215
0.96161407
0.98742342
0.89976615
0.93006420
0.97611856
0.95011616
0.83327180
0.91330874
0.82256031
0.89281881
0.90444851
0.91996592
0.96120298
0.99810731
0.89497018
0.92926526
0.89952117
0.79769993
0.57169765
0.76747257
0.95770586
0.81609094
0.85041869
0.95196009
0.88327754
0.87536979
0.91005027
0.93009150
0.87936127
0.84930372
0.65952760
0.89948344
0.84339643
0.85132444
0.87269753
0.85522354
0.89003837
0.89639151
0.51139814
0.49863973
0.72193801
0.80929208
0.47018147
0.48474041
0.25974089
0.50424701
0.33102766
0.30065468
0.40286219
0.18909000
0.42883137
0.52084404
0.93988198
0.63298929
0.57724130
0.53556037
0.67927641
0.40607950
0.46304208
0.58754385
0.73590076
0.70127106
0.75049436
0.86610883
0.71016788
0.26397523
0.20479791
0.49659538
0.22193713
0.42010364
0.28550395
0.51375753
0.33856845
0.30103245
0.87340158
0.61947864
0.11180834
0.65909314
0.34530258
0.71715540
0.30393273
0.33994976
0.15635610
0.07316965
0.20155685
0.87487137
0.74268663
0.65823627
0.66022116
0.66946131
0.54776114
0.23999046
0.08252970
0.48846680
0.01444762
0.31825641
0.87560356
0.16247925
0.42833713
0.48227033
0.63245773
0.05436227
0.75897509
0.27446768
0.68972206
0.66054475
0.53766263
0.86610883
0.57509935
0.74867785
0.79597914
0.73270619
0.91606975
0.84198892
0.87993920
0.83409828
0.86656427
0.87830514
0.77315557
0.85252708
0.77382720
0.80805075
0.84601194
0.76636946
0.81484354
0.72159415
0.74723428
0.73544961
0.71680772
0.63990813
0.76533091
0.77337551
0.78767389
0.82787824
0.90220219
0.77354026
0.81116372
0.64916784
0.83030814
0.80667478
0.82603765
0.76919180
0.23524940
0.61418056
0.43314826
0.66368318
0.55550075
0.44193068
0.56087428
0.66934699
0.48082578
0.20982641
0.74856865
0.39320600
0.65102744
0.70914638
0.76533091
0.54898375
0.60894531
0.61083215
0.57945043
0.66367590
0.82791567
0.60894531
0.18315031
0.04726328
0.35853320
0.40939668
0.43774194
0.04726328
0.49106771
0.63912678
0.44646293
0.68306768
0.59041703
0.46343711
0.63912678
0.80908042
0.78297222
0.67253172
0.76213276
0.76360279
0.78297222
0.05115005
0.74131942
0.08568691
0.11815096
0.26576596
0.22217090
0.08568691
0.60659117
0.60349745
0.63305825
0.52819908
0.73635978
0.71523905
0.60349745
0.61792475
0.42808712
0.14220960
0.59808844
0.10877267
0.42808712
0.61794740
0.26983523
0.58944732
0.77936327
0.55357403
0.52241421
0.26983523
0.67488170
0.64582932
0.69171411
0.72512984
0.63731688
0.64582932
0.57085145
0.78755802
0.59462357
0.62649524
0.54402387
0.21318841
0.59462357
0.83464831
0.62498921
0.77549762
0.72435904
0.78471583
0.74131942
0.62498921
0.76131636
0.69582570
0.76783985
0.79395819
0.65162224
0.69582570
0.71736681
0.88319463
0.80808061
0.80364817
0.75056064
0.77958620
0.88319463
0.88243598
0.88910443
0.91795647
0.84265035
0.84732044
0.88910443
0.88010955
0.90857452
0.56647724
0.86820817
0.85469520
0.95460343
0.88732857
0.86820817
0.71195042
0.71494067
0.78248554
0.87653637
0.83002281
0.66277361
0.71494067
0.30551833
0.70082223
0.31593776
0.63603759
0.69931775
0.70082223
0.36404854
0.26410615
0.04102883
0.75686580
0.46105319
0.52163017
0.26410615
0.33354133
0.63364273
0.46977279
0.82141399
0.42456031
0.63364273
0.41367877
0.51279992
0.46989775
0.48155153
0.73690772
0.31382212
0.46989775
0.74288011
0.66683233
0.70729792
0.71608984
0.63344157
0.56647724
0.66683233
0.42655191
0.64760917
0.68020815
0.56594741
0.68664998
0.64760917
0.56834203
0.54654831
0.73421717
0.75308144
0.57409757
0.58554262
0.54654831
0.78742999
0.77929378
0.79093134
0.75145853
0.79792231
0.77929378
0.59147161
0.84381020
0.73006582
0.72214437
0.67819881
0.22201292
0.73006582
0.74193937
0.80994284
0.73172522
0.70521158
0.75173706
0.71393490
0.80994284
0.74276906
0.79473317
0.65779698
0.78145164
0.66300237
0.79473317
0.88461840
0.87749088
0.81488454
0.81547600
0.72845250
0.74234915
0.87749088
0.89578253
0.90579826
0.87291574
0.93284512
0.93139660
0.90579826
0.95443732
0.80849081
0.90657616
0.94963396
1.00628054
0.98589760
0.90657616
0.83783865
0.88276130
0.88755417
0.82700497
0.90897411
0.93393886
0.84381020
0.88276130
0.86802340
0.82328337
0.89620364
0.78427482
0.85083377
0.82328337
0.86948478
0.89844298
0.87288451
0.75590307
0.83315682
0.93762040
0.89844298
0.88645196
0.89103264
0.91984987
0.90847969
0.90113670
0.89103264
0.76915771
0.78543466
0.85907090
0.83976519
0.84505117
0.79405296
0.85907090
0.75177610
0.77577841
0.81945443
0.72578835
0.65894985
0.75254416
0.77577841
0.48310012
0.76203215
0.68122107
0.59841752
0.69421256
0.76203215
0.80362904
0.87259543
0.81598866
0.79233217
0.84466255
0.82042307
0.87259543
0.75555694
0.86973506
0.69094127
0.84739828
0.80436230
0.86973506
0.75346321
0.78717196
0.31857660
0.35439569
0.57986534
0.51825237
0.31857660
0.55937201
0.55422336
0.35601982
0.52967477
0.58586299
0.78543466
0.55422336
0.52435374
0.09674746
0.14900126
0.17135301
0.04011387
0.09674746
0.60172188
0.68162608
0.55481511
0.79044980
0.76174760
0.64500314
0.68162608
0.71373516
0.48171896
0.73739672
0.72858429
0.57347822
0.48171896
0.78629136
0.85615212
0.72866058
0.74720836
0.81851691
0.76289701
0.72866058
0.39384037
0.26287922
0.11093724
0.42941889
0.54248917
0.85717618
0.26287922
0.78295839
0.70264858
0.80891973
0.77060640
0.75464487
0.70264858
0.76617980
0.66178298
0.73944402
0.74563766
0.84770441
0.70917124
0.62872720
0.66178298
0.71793836
0.63167244
0.77089566
0.74883693
0.73985153
0.63167244
0.83691305
0.89854395
0.75384045
0.78646141
0.69035631
0.84659159
0.75384045
0.67797816
0.61482334
0.72635067
0.79426730
0.71591794
0.85615212
0.61482334
0.68239421
0.71158677
0.68972260
0.66559058
0.68076301
0.71158677
0.74484217
0.76571316
0.76022285
0.72803092
0.82392043
0.77033663
0.76571316
0.67763925
0.82208157
0.78613806
0.75706768
0.78079873
0.82208157
0.73870170
0.68376517
0.74949676
0.68803138
0.70832980
0.75537360
0.74949676
0.63621497
0.61050797
0.60003674
0.60257560
0.33168435
0.72798932
0.61050797
0.55715656
0.57588387
0.67274868
0.64362162
0.70469725
0.57588387
0.70579231
0.64408261
0.59962511
0.68358326
0.69380605
0.64858449
0.64408261
0.68595964
0.71830869
0.69495243
0.73604548
0.59899557
0.71830869
0.79523021
0.58393759
0.82658982
0.80705845
0.76310927
0.87585199
0.82658982
0.62762201
0.67820859
0.54448396
0.57902586
0.77158022
0.68376517
0.67820859
0.63353360
0.77386910
0.74253273
0.66511792
0.61652815
0.77386910
0.76126969
0.75755292
0.70613849
0.79781389
0.77980345
0.72203678
0.75755292
0.76676732
0.71982372
0.82552791
0.79569650
0.78904086
0.71982372
0.88193226
0.83021075
0.78608131
0.86142874
0.93236619
0.92844820
0.91820431
0.86142874
0.92556870
0.94532323
0.92864388
1.05219889
0.95868301
0.80811042
0.94532323
0.91646427
0.98727727
0.96348774
0.91927230
1.02417982
0.98727727
0.95972949
0.97269642
0.96614230
0.85236013
0.98288679
0.94134778
0.97269642
1.01777327
0.90877450
0.95184392
0.95070553
0.91478479
0.90877450
0.93923753
0.77190596
0.91291326
0.98280281
0.92586577
0.91211748
0.91291326
0.79687178
0.85531116
0.91742074
0.91488016
0.80426979
0.78608131
0.85531116
0.84831595
0.88719177
0.83759296
0.86996180
0.92708069
0.88719177
0.85086340
0.83826619
0.84448236
0.95214605
0.91500235
0.88422215
0.83826619
0.77122247
0.66945207
0.76505738
0.74097908
0.59695244
0.66945207
0.62316811
0.90163720
0.57205343
0.66416013
0.54900414
0.72360843
0.57205343
0.65596879
0.76690763
0.79757696
0.70929700
0.69778281
0.86390859
0.76690763
0.72626770
0.67912447
0.78204179
0.83330810
0.77680802
0.67912447
0.80826318
0.77225822
0.76326048
0.95849842
0.84869719
0.90817624
0.77225822
0.90142071
0.99260825
1.05420589
0.96895981
0.89826530
0.99260825
0.91270715
0.95869535
0.97379583
0.92594522
0.93458521
0.93305218
0.97379583
0.97793454
0.99242282
0.97994208
1.12124813
0.91893971
0.75277591
0.90163720
0.99242282
0.91777271
0.99522769
0.99092925
0.94429779
0.88030976
0.99522769
1.04766500
1.01829898
0.96500361
0.93991745
1.02366924
1.04392898
1.01829898
0.91247129
0.98642045
0.95884031
0.93469179
1.01318014
0.98642045
0.95778847
0.99426621
0.96923661
0.92488575
0.97856688
0.98036575
0.96923661
0.93122870
1.00796485
0.93927979
0.94111633
0.92768013
1.01688135
1.00796485
0.83800685
0.80978417
0.84427726
0.90148282
0.81806570
0.80978417
0.95077658
0.84201020
0.88541627
0.95866972
0.88972855
0.94945586
0.84201020
0.91776204
0.87937546
0.91816139
0.90764111
0.93027765
0.87937546
0.99306488
1.05310905
0.98473215
1.02204263
0.96173632
1.00240552
0.98473215
1.03666663
0.99418014
0.96923780
0.94076037
0.97106338
0.99426621
0.99418014
0.89184487
1.00383306
0.99325240
0.98712796
1.01253581
1.00383306
0.89791751
0.97433686
0.91948366
0.98933357
0.82496536
0.80446219
0.97433686
0.96264338
0.86614871
0.91940182
0.88344049
0.85067350
0.86614871
0.90206367
0.97132707
0.92827374
0.94160110
0.90684485
0.94087476
0.92827374
0.98519361
0.87886292
0.88932991
0.90095437
0.84640986
1.01474333
0.87886292
0.77182651
0.81835032
0.86639583
0.84497350
0.87746596
0.81835032
0.77342129
0.67914629
0.79763275
